instant,date,year,month,day,season,weekday,workingday,holiday,weather,temp,ftemp,hum,windspeed,casual,registered,cnt
1,2011-01-01,2011,1,1,Winter,Sat,0,1,rain,8.1,7.9,82.3,20.6,331,654,985
2,2011-01-02,2011,1,2,Winter,Sun,0,0,rain,9.2,7.4,70.3,29.4,131,670,801
3,2011-01-03,2011,1,3,Winter,Mon,1,0,good,0.6,-3.7,44.2,27.2,120,1229,1349
<<<<<<< HEAD
4,2011-01-04,2011,1,4,Winter,Tue,1,0,cloudy,0.7,-2.3,59.9,21.7,108,1454,1562
5,2011-01-05,2011,1,5,Winter,Wed,1,0,cloudy,2.4,-0.8,43.6,24.7,82,1518,1600
6,2011-01-06,2011,1,6,Winter,Thu,1,0,cloudy,0.8,-1.0,53.5,17.8,88,1518,1606
7,2011-01-07,2011,1,7,Winter,Fri,1,0,overcast,0.6,-2.6,51.0,22.6,148,1362,1510
8,2011-01-08,2011,1,8,Winter,Sat,0,0,overcast,-0.9,-5.5,53.8,36.6,68,891,959
9,2011-01-09,2011,1,9,Winter,Sun,0,0,good,-2.3,-8.6,43.9,35.0,54,768,822
10,2011-01-10,2011,1,10,Winter,Mon,1,0,cloudy,-1.7,-6.3,49.1,20.3,41,1280,1321
11,2011-01-11,2011,1,11,Winter,Tue,1,0,overcast,-0.8,-2.9,67.2,11.6,43,1220,1263
12,2011-01-12,2011,1,12,Winter,Wed,1,0,overcast,-0.6,-5.6,63.1,38.9,25,1137,1162
13,2011-01-13,2011,1,13,Winter,Thu,1,0,cloudy,-0.9,-6.3,47.8,29.2,38,1368,1406
14,2011-01-14,2011,1,14,Winter,Fri,1,0,overcast,-1.3,-4.0,54.2,25.1,54,1367,1421
=======
4,2011-01-04,2011,1,4,Winter,Tue,1,0,broken,0.7,-2.3,59.9,21.7,108,1454,1562
5,2011-01-05,2011,1,5,Winter,Wed,1,0,cloudy,2.4,-0.8,43.6,24.7,82,1518,1600
6,2011-01-06,2011,1,6,Winter,Thu,1,0,broken,0.8,-1.0,53.5,17.8,88,1518,1606
7,2011-01-07,2011,1,7,Winter,Fri,1,0,overcast,0.6,-2.6,51.0,22.6,148,1362,1510
8,2011-01-08,2011,1,8,Winter,Sat,0,0,overcast,-0.9,-5.5,53.8,36.6,68,891,959
9,2011-01-09,2011,1,9,Winter,Sun,0,0,good,-2.3,-8.6,43.9,35.0,54,768,822
10,2011-01-10,2011,1,10,Winter,Mon,1,0,broken,-1.7,-6.3,49.1,20.3,41,1280,1321
11,2011-01-11,2011,1,11,Winter,Tue,1,0,overcast,-0.8,-2.9,67.2,11.6,43,1220,1263
12,2011-01-12,2011,1,12,Winter,Wed,1,0,overcast,-0.6,-5.6,63.1,38.9,25,1137,1162
13,2011-01-13,2011,1,13,Winter,Thu,1,0,cloudy,-0.9,-6.3,47.8,29.2,38,1368,1406
14,2011-01-14,2011,1,14,Winter,Fri,1,0,broken,-1.3,-4.0,54.2,25.1,54,1367,1421
>>>>>>> 1ed2b50761bff6a9d18fc50d8fb144b0850f2594
15,2011-01-15,2011,1,15,Winter,Sat,0,0,overcast,2.5,0.2,50.7,19.8,222,1026,1248
16,2011-01-16,2011,1,16,Winter,Sun,0,0,overcast,2.4,-0.8,48.9,23.5,251,953,1204
17,2011-01-17,2011,1,17,Winter,Mon,0,1,overcast,-0.3,-4.2,53.9,17.0,117,883,1000
18,2011-01-18,2011,1,18,Winter,Tue,1,0,overcast,0.7,-3.0,88.3,21.4,9,674,683
19,2011-01-19,2011,1,19,Winter,Wed,1,0,overcast,5.3,3.4,76.2,30.7,78,1572,1650
20,2011-01-20,2011,1,20,Winter,Thu,1,0,overcast,4.0,0.8,54.3,25.1,83,1844,1927
<<<<<<< HEAD
21,2011-01-21,2011,1,21,Winter,Fri,1,0,cloudy,-0.3,-5.8,46.2,38.5,75,1468,1543
22,2011-01-22,2011,1,22,Winter,Sat,0,0,cloudy,-6.2,-10.8,41.0,25.6,93,888,981
23,2011-01-23,2011,1,23,Winter,Sun,0,0,cloudy,-4.5,-9.6,45.1,30.6,150,836,986
24,2011-01-24,2011,1,24,Winter,Mon,1,0,cloudy,-4.4,-8.2,50.0,16.3,86,1330,1416
=======
21,2011-01-21,2011,1,21,Winter,Fri,1,0,broken,-0.3,-5.8,46.2,38.5,75,1468,1543
22,2011-01-22,2011,1,22,Winter,Sat,0,0,broken,-6.2,-10.8,41.0,25.6,93,888,981
23,2011-01-23,2011,1,23,Winter,Sun,0,0,broken,-4.5,-9.6,45.1,30.6,150,836,986
24,2011-01-24,2011,1,24,Winter,Mon,1,0,broken,-4.4,-8.2,50.0,16.3,86,1330,1416
>>>>>>> 1ed2b50761bff6a9d18fc50d8fb144b0850f2594
25,2011-01-25,2011,1,25,Winter,Tue,1,0,overcast,2.0,-0.6,62.5,17.6,186,1799,1985
26,2011-01-26,2011,1,26,Winter,Wed,1,0,overcast,1.5,-3.1,88.4,31.7,34,472,506
27,2011-01-27,2011,1,27,Winter,Thu,1,0,overcast,1.3,-2.1,68.6,32.7,15,416,431
28,2011-01-28,2011,1,28,Winter,Fri,1,0,overcast,1.1,-1.5,79.3,23.4,38,1129,1167
<<<<<<< HEAD
29,2011-01-29,2011,1,29,Winter,Sat,0,0,overcast,0.7,-2.0,65.4,24.0,123,975,1098
=======
29,2011-01-29,2011,1,29,Winter,Sat,0,0,broken,0.7,-2.0,65.4,24.0,123,975,1098
>>>>>>> 1ed2b50761bff6a9d18fc50d8fb144b0850f2594
30,2011-01-30,2011,1,30,Winter,Sun,0,0,overcast,1.4,0.2,73.1,17.2,140,956,1096
31,2011-01-31,2011,1,31,Winter,Mon,1,0,overcast,-0.4,-4.1,60.9,21.3,42,1459,1501
32,2011-02-01,2011,2,1,Winter,Tue,1,0,overcast,0.4,-0.6,83.8,12.7,47,1313,1360
33,2011-02-02,2011,2,2,Winter,Wed,1,0,overcast,4.1,1.1,77.4,37.6,72,1454,1526
34,2011-02-03,2011,2,3,Winter,Thu,1,0,overcast,0.2,-4.3,44.5,33.7,61,1489,1550
35,2011-02-04,2011,2,4,Winter,Fri,1,0,overcast,1.3,-0.9,58.1,15.9,88,1620,1708
36,2011-02-05,2011,2,5,Winter,Sat,0,0,overcast,2.6,0.3,93.2,18.4,100,905,1005
37,2011-02-06,2011,2,6,Winter,Sun,0,0,rain,5.1,3.0,57.5,26.8,354,1269,1623
<<<<<<< HEAD
38,2011-02-07,2011,2,7,Winter,Mon,1,0,overcast,4.4,3.8,74.7,10.5,120,1592,1712
39,2011-02-08,2011,2,8,Winter,Tue,1,0,overcast,2.0,-3.0,53.9,38.0,64,1466,1530
40,2011-02-09,2011,2,9,Winter,Wed,1,0,cloudy,-2.6,-6.9,49.5,23.6,53,1552,1605
=======
38,2011-02-07,2011,2,7,Winter,Mon,1,0,broken,4.4,3.8,74.7,10.5,120,1592,1712
39,2011-02-08,2011,2,8,Winter,Tue,1,0,broken,2.0,-3.0,53.9,38.0,64,1466,1530
40,2011-02-09,2011,2,9,Winter,Wed,1,0,broken,-2.6,-6.9,49.5,23.6,53,1552,1605
>>>>>>> 1ed2b50761bff6a9d18fc50d8fb144b0850f2594
41,2011-02-10,2011,2,10,Winter,Thu,1,0,cloudy,-1.9,-6.3,45.0,27.6,47,1491,1538
42,2011-02-11,2011,2,11,Winter,Fri,1,0,good,-0.3,-2.0,52.7,15.8,149,1597,1746
43,2011-02-12,2011,2,12,Winter,Sat,0,0,cloudy,1.8,-1.0,55.0,34.3,288,1184,1472
44,2011-02-13,2011,2,13,Winter,Sun,0,0,overcast,6.4,5.0,47.1,31.1,397,1192,1589
45,2011-02-14,2011,2,14,Winter,Mon,1,0,rain,11.7,9.8,37.4,43.6,208,1705,1913
46,2011-02-15,2011,2,15,Winter,Tue,1,0,rain,4.1,0.4,31.8,50.5,140,1675,1815
<<<<<<< HEAD
47,2011-02-16,2011,2,16,Winter,Wed,1,0,cloudy,6.5,4.2,43.0,27.1,218,1897,2115
48,2011-02-17,2011,2,17,Winter,Thu,1,0,overcast,12.7,12.0,50.5,25.3,259,2216,2475
49,2011-02-18,2011,2,18,Winter,Fri,1,0,rain,17.1,17.1,51.6,37.9,579,2348,2927
50,2011-02-19,2011,2,19,Winter,Sat,0,0,rain,10.9,9.4,19.0,52.6,532,1103,1635
51,2011-02-20,2011,2,20,Winter,Sun,0,0,cloudy,4.9,1.9,41.1,36.9,639,1173,1812
52,2011-02-21,2011,2,21,Winter,Mon,0,1,overcast,6.1,2.9,60.5,29.5,195,912,1107
53,2011-02-22,2011,2,22,Winter,Tue,1,0,overcast,-0.5,-4.9,65.4,28.9,74,1376,1450
54,2011-02-23,2011,2,23,Winter,Wed,1,0,good,1.7,-0.2,43.4,12.2,139,1778,1917
55,2011-02-24,2011,2,24,Winter,Thu,1,0,rain,5.4,2.6,69.8,28.6,100,1707,1807
56,2011-02-25,2011,2,25,Winter,Fri,1,0,rain,9.0,6.7,73.1,59.1,120,1341,1461
57,2011-02-26,2011,2,26,Winter,Sat,0,0,overcast,5.0,2.5,54.2,23.5,424,1545,1969
=======
47,2011-02-16,2011,2,16,Winter,Wed,1,0,broken,6.5,4.2,43.0,27.1,218,1897,2115
48,2011-02-17,2011,2,17,Winter,Thu,1,0,overcast,12.7,12.0,50.5,25.3,259,2216,2475
49,2011-02-18,2011,2,18,Winter,Fri,1,0,rain,17.1,17.1,51.6,37.9,579,2348,2927
50,2011-02-19,2011,2,19,Winter,Sat,0,0,rain,10.9,9.4,19.0,52.6,532,1103,1635
51,2011-02-20,2011,2,20,Winter,Sun,0,0,broken,4.9,1.9,41.1,36.9,639,1173,1812
52,2011-02-21,2011,2,21,Winter,Mon,0,1,overcast,6.1,2.9,60.5,29.5,195,912,1107
53,2011-02-22,2011,2,22,Winter,Tue,1,0,overcast,-0.5,-4.9,65.4,28.9,74,1376,1450
54,2011-02-23,2011,2,23,Winter,Wed,1,0,cloudy,1.7,-0.2,43.4,12.2,139,1778,1917
55,2011-02-24,2011,2,24,Winter,Thu,1,0,rain,5.4,2.6,69.8,28.6,100,1707,1807
56,2011-02-25,2011,2,25,Winter,Fri,1,0,rain,9.0,6.7,73.1,59.1,120,1341,1461
57,2011-02-26,2011,2,26,Winter,Sat,0,0,broken,5.0,2.5,54.2,23.5,424,1545,1969
>>>>>>> 1ed2b50761bff6a9d18fc50d8fb144b0850f2594
58,2011-02-27,2011,2,27,Winter,Sun,0,0,overcast,7.9,6.9,68.3,18.0,694,1708,2402
59,2011-02-28,2011,2,28,Winter,Mon,1,0,rain,11.2,10.1,88.3,37.1,81,1365,1446
60,2011-03-01,2011,3,1,Spring,Tue,1,0,good,4.2,1.2,53.5,30.9,137,1714,1851
61,2011-03-02,2011,3,2,Spring,Wed,1,0,rain,7.6,4.9,45.5,35.4,231,1903,2134
<<<<<<< HEAD
62,2011-03-03,2011,3,3,Spring,Thu,1,0,cloudy,0.6,-3.0,32.6,31.3,123,1562,1685
=======
62,2011-03-03,2011,3,3,Spring,Thu,1,0,broken,0.6,-3.0,32.6,31.3,123,1562,1685
>>>>>>> 1ed2b50761bff6a9d18fc50d8fb144b0850f2594
63,2011-03-04,2011,3,4,Spring,Fri,1,0,overcast,4.0,0.9,61.5,20.3,214,1730,1944
64,2011-03-05,2011,3,5,Spring,Sat,0,0,overcast,10.3,9.1,78.4,23.9,640,1437,2077
65,2011-03-06,2011,3,6,Spring,Sun,0,0,overcast,10.1,8.6,94.4,35.2,114,491,605
66,2011-03-07,2011,3,7,Spring,Mon,1,0,cloudy,4.0,-0.6,56.6,45.9,244,1628,1872
<<<<<<< HEAD
67,2011-03-08,2011,3,8,Spring,Tue,1,0,cloudy,5.4,3.9,42.8,14.4,316,1817,2133
=======
67,2011-03-08,2011,3,8,Spring,Tue,1,0,broken,5.4,3.9,42.8,14.4,316,1817,2133
>>>>>>> 1ed2b50761bff6a9d18fc50d8fb144b0850f2594
68,2011-03-09,2011,3,9,Spring,Wed,1,0,rain,5.7,3.0,77.5,25.1,191,1700,1891
69,2011-03-10,2011,3,10,Spring,Thu,1,0,rain,10.5,9.6,98.3,37.7,46,577,623
70,2011-03-11,2011,3,11,Spring,Fri,1,0,rain,6.9,4.3,66.1,23.7,247,1730,1977
71,2011-03-12,2011,3,12,Spring,Sat,0,0,rain,7.4,5.6,59.5,32.9,724,1408,2132
72,2011-03-13,2011,3,13,Spring,Sun,0,0,cloudy,10.4,9.4,52.3,27.3,982,1435,2417
<<<<<<< HEAD
73,2011-03-14,2011,3,14,Spring,Mon,1,0,overcast,6.8,5.3,51.1,22.3,359,1687,2046
74,2011-03-15,2011,3,15,Spring,Tue,1,0,rain,6.5,4.6,65.5,22.6,289,1767,2056
75,2011-03-16,2011,3,16,Spring,Wed,1,0,rain,8.9,7.5,80.2,25.7,321,1871,2192
76,2011-03-17,2011,3,17,Spring,Thu,1,0,cloudy,11.7,10.9,59.8,22.1,424,2320,2744
77,2011-03-18,2011,3,18,Spring,Fri,1,0,overcast,17.3,17.2,53.0,23.5,884,2355,3239
78,2011-03-19,2011,3,19,Spring,Sat,0,0,cloudy,14.9,14.9,38.9,39.4,1424,1693,3117
79,2011-03-20,2011,3,20,Spring,Sun,0,0,overcast,7.6,5.4,46.7,26.3,1047,1424,2471
=======
73,2011-03-14,2011,3,14,Spring,Mon,1,0,broken,6.8,5.3,51.1,22.3,359,1687,2046
74,2011-03-15,2011,3,15,Spring,Tue,1,0,rain,6.5,4.6,65.5,22.6,289,1767,2056
75,2011-03-16,2011,3,16,Spring,Wed,1,0,rain,8.9,7.5,80.2,25.7,321,1871,2192
76,2011-03-17,2011,3,17,Spring,Thu,1,0,broken,11.7,10.9,59.8,22.1,424,2320,2744
77,2011-03-18,2011,3,18,Spring,Fri,1,0,overcast,17.3,17.2,53.0,23.5,884,2355,3239
78,2011-03-19,2011,3,19,Spring,Sat,0,0,broken,14.9,14.9,38.9,39.4,1424,1693,3117
79,2011-03-20,2011,3,20,Spring,Sun,0,0,broken,7.6,5.4,46.7,26.3,1047,1424,2471
>>>>>>> 1ed2b50761bff6a9d18fc50d8fb144b0850f2594
80,2011-03-21,2011,3,21,Spring,Mon,1,0,rain,12.1,10.4,72.8,27.1,401,1676,2077
81,2011-03-22,2011,3,22,Spring,Tue,1,0,overcast,13.1,13.1,63.8,30.8,460,2243,2703
82,2011-03-23,2011,3,23,Spring,Wed,1,0,rain,8.4,6.5,82.7,40.8,203,1918,2121
83,2011-03-24,2011,3,24,Spring,Thu,1,0,rain,5.4,2.1,81.7,27.1,166,1699,1865
<<<<<<< HEAD
84,2011-03-25,2011,3,25,Spring,Fri,1,0,cloudy,4.1,0.8,50.9,23.6,300,1910,2210
85,2011-03-26,2011,3,26,Spring,Sat,0,0,cloudy,4.3,1.2,38.4,20.1,981,1515,2496
86,2011-03-27,2011,3,27,Spring,Sun,0,0,overcast,3.5,0.4,51.1,17.9,472,1221,1693
87,2011-03-28,2011,3,28,Spring,Mon,1,0,cloudy,3.8,0.5,32.3,21.2,222,1806,2028
=======
84,2011-03-25,2011,3,25,Spring,Fri,1,0,broken,4.1,0.8,50.9,23.6,300,1910,2210
85,2011-03-26,2011,3,26,Spring,Sat,0,0,broken,4.3,1.2,38.4,20.1,981,1515,2496
86,2011-03-27,2011,3,27,Spring,Sun,0,0,broken,3.5,0.4,51.1,17.9,472,1221,1693
87,2011-03-28,2011,3,28,Spring,Mon,1,0,broken,3.8,0.5,32.3,21.2,222,1806,2028
>>>>>>> 1ed2b50761bff6a9d18fc50d8fb144b0850f2594
88,2011-03-29,2011,3,29,Spring,Tue,1,0,cloudy,5.8,3.0,30.5,25.0,317,2108,2425
89,2011-03-30,2011,3,30,Spring,Wed,1,0,rain,6.1,4.0,62.6,25.6,168,1368,1536
90,2011-03-31,2011,3,31,Spring,Thu,1,0,rain,4.3,1.0,92.2,19.7,179,1506,1685
91,2011-04-01,2011,4,1,Spring,Fri,1,0,rain,6.1,2.9,69.8,30.7,307,1920,2227
92,2011-04-02,2011,4,2,Spring,Sat,0,0,rain,6.7,4.4,64.9,40.1,898,1354,2252
93,2011-04-03,2011,4,3,Spring,Sun,0,0,cloudy,9.7,8.7,48.9,32.1,1651,1598,3249
94,2011-04-04,2011,4,4,Spring,Mon,1,0,overcast,19.1,18.8,42.9,38.7,734,2381,3115
95,2011-04-05,2011,4,5,Spring,Tue,1,0,rain,12.4,10.9,64.4,33.9,167,1628,1795
96,2011-04-06,2011,4,6,Spring,Wed,1,0,cloudy,10.2,9.1,47.3,32.6,413,2395,2808
<<<<<<< HEAD
97,2011-04-07,2011,4,7,Spring,Thu,1,0,cloudy,13.0,12.4,58.5,20.0,571,2570,3141
=======
97,2011-04-07,2011,4,7,Spring,Thu,1,0,broken,13.0,12.4,58.5,20.0,571,2570,3141
>>>>>>> 1ed2b50761bff6a9d18fc50d8fb144b0850f2594
98,2011-04-08,2011,4,8,Spring,Fri,1,0,rain,7.9,5.6,82.9,26.4,172,1299,1471
99,2011-04-09,2011,4,9,Spring,Sat,0,0,rain,7.9,6.3,87.7,16.9,879,1576,2455
100,2011-04-10,2011,4,10,Spring,Sun,0,0,overcast,12.2,11.9,85.6,16.4,1188,1707,2895
101,2011-04-11,2011,4,11,Spring,Mon,1,0,overcast,20.3,20.5,73.3,34.9,855,2493,3348
102,2011-04-12,2011,4,12,Spring,Tue,1,0,rain,16.6,16.6,71.9,31.8,257,1777,2034
103,2011-04-13,2011,4,13,Spring,Wed,1,0,rain,11.5,11.1,83.1,25.5,209,1953,2162
104,2011-04-14,2011,4,14,Spring,Thu,1,0,good,14.2,13.8,54.4,14.1,529,2738,3267
<<<<<<< HEAD
105,2011-04-15,2011,4,15,Spring,Fri,0,1,cloudy,13.3,13.1,66.7,32.5,642,2484,3126
106,2011-04-16,2011,4,16,Spring,Sat,0,1,rain,12.4,11.9,87.9,47.6,121,674,795
107,2011-04-17,2011,4,17,Spring,Sun,0,0,rain,13.9,13.5,49.1,34.1,1558,2186,3744
108,2011-04-18,2011,4,18,Spring,Mon,1,0,cloudy,16.5,16.5,54.6,23.4,669,2760,3429
=======
105,2011-04-15,2011,4,15,Spring,Fri,0,1,broken,13.3,13.1,66.7,32.5,642,2484,3126
106,2011-04-16,2011,4,16,Spring,Sat,0,1,rain,12.4,11.9,87.9,47.6,121,674,795
107,2011-04-17,2011,4,17,Spring,Sun,0,0,rain,13.9,13.5,49.1,34.1,1558,2186,3744
108,2011-04-18,2011,4,18,Spring,Mon,1,0,broken,16.5,16.5,54.6,23.4,669,2760,3429
>>>>>>> 1ed2b50761bff6a9d18fc50d8fb144b0850f2594
109,2011-04-19,2011,4,19,Spring,Tue,1,0,rain,16.5,16.5,64.5,20.0,409,2795,3204
110,2011-04-20,2011,4,20,Spring,Wed,1,0,overcast,20.4,20.3,62.7,35.3,613,3331,3944
111,2011-04-21,2011,4,21,Spring,Thu,1,0,rain,14.3,14.3,40.7,37.4,745,3444,4189
112,2011-04-22,2011,4,22,Spring,Fri,1,0,rain,7.9,5.6,71.1,19.6,177,1506,1683
113,2011-04-23,2011,4,23,Spring,Sat,0,0,rain,13.6,13.0,87.5,25.9,1462,2574,4036
114,2011-04-24,2011,4,24,Spring,Sun,0,0,rain,20.1,20.1,79.8,25.4,1710,2481,4191
115,2011-04-25,2011,4,25,Spring,Mon,1,0,rain,21.4,21.4,77.9,23.5,773,3300,4073
<<<<<<< HEAD
116,2011-04-26,2011,4,26,Spring,Tue,1,0,cloudy,22.7,22.7,72.0,29.6,678,3722,4400
117,2011-04-27,2011,4,27,Spring,Wed,1,0,rain,22.1,22.1,83.5,32.7,547,3325,3872
118,2011-04-28,2011,4,28,Spring,Thu,1,0,rain,22.1,22.1,73.0,35.5,569,3489,4058
119,2011-04-29,2011,4,29,Spring,Fri,1,0,cloudy,16.5,16.5,45.9,25.8,878,3717,4595
120,2011-04-30,2011,4,30,Spring,Sat,0,0,overcast,14.6,14.6,50.5,25.8,1965,3347,5312
=======
116,2011-04-26,2011,4,26,Spring,Tue,1,0,broken,22.7,22.7,72.0,29.6,678,3722,4400
117,2011-04-27,2011,4,27,Spring,Wed,1,0,rain,22.1,22.1,83.5,32.7,547,3325,3872
118,2011-04-28,2011,4,28,Spring,Thu,1,0,rain,22.1,22.1,73.0,35.5,569,3489,4058
119,2011-04-29,2011,4,29,Spring,Fri,1,0,cloudy,16.5,16.5,45.9,25.8,878,3717,4595
120,2011-04-30,2011,4,30,Spring,Sat,0,0,broken,14.6,14.6,50.5,25.8,1965,3347,5312
>>>>>>> 1ed2b50761bff6a9d18fc50d8fb144b0850f2594
121,2011-05-01,2011,5,1,Spring,Sun,0,0,rain,13.5,13.5,76.3,16.2,1138,2213,3351
122,2011-05-02,2011,5,2,Spring,Mon,1,0,overcast,18.3,18.3,72.1,19.8,847,3554,4401
123,2011-05-03,2011,5,3,Spring,Tue,1,0,overcast,21.8,21.8,70.0,39.4,603,3848,4451
124,2011-05-04,2011,5,4,Spring,Wed,1,0,rain,12.1,11.2,74.1,34.0,255,2378,2633
125,2011-05-05,2011,5,5,Spring,Thu,1,0,rain,13.7,12.9,45.2,38.0,614,3819,4433
<<<<<<< HEAD
126,2011-05-06,2011,5,6,Spring,Fri,1,0,cloudy,14.9,14.7,57.5,28.9,894,3714,4608
127,2011-05-07,2011,5,7,Spring,Sat,0,0,overcast,16.8,16.8,55.3,19.4,1612,3102,4714
128,2011-05-08,2011,5,8,Spring,Sun,0,0,overcast,17.4,17.4,62.7,15.8,1401,2932,4333
129,2011-05-09,2011,5,9,Spring,Mon,1,0,good,17.4,17.4,59.8,20.2,664,3698,4362
130,2011-05-10,2011,5,10,Spring,Tue,1,0,cloudy,17.4,17.4,50.1,15.8,694,4109,4803
131,2011-05-11,2011,5,11,Spring,Wed,1,0,cloudy,18.2,18.2,62.4,19.9,550,3632,4182
132,2011-05-12,2011,5,12,Spring,Thu,1,0,overcast,17.5,17.5,75.1,20.2,695,4169,4864
=======
126,2011-05-06,2011,5,6,Spring,Fri,1,0,broken,14.9,14.7,57.5,28.9,894,3714,4608
127,2011-05-07,2011,5,7,Spring,Sat,0,0,broken,16.8,16.8,55.3,19.4,1612,3102,4714
128,2011-05-08,2011,5,8,Spring,Sun,0,0,overcast,17.4,17.4,62.7,15.8,1401,2932,4333
129,2011-05-09,2011,5,9,Spring,Mon,1,0,cloudy,17.4,17.4,59.8,20.2,664,3698,4362
130,2011-05-10,2011,5,10,Spring,Tue,1,0,broken,17.4,17.4,50.1,15.8,694,4109,4803
131,2011-05-11,2011,5,11,Spring,Wed,1,0,broken,18.2,18.2,62.4,19.9,550,3632,4182
132,2011-05-12,2011,5,12,Spring,Thu,1,0,broken,17.5,17.5,75.1,20.2,695,4169,4864
>>>>>>> 1ed2b50761bff6a9d18fc50d8fb144b0850f2594
133,2011-05-13,2011,5,13,Spring,Fri,1,0,overcast,16.6,16.6,86.5,24.8,692,3413,4105
134,2011-05-14,2011,5,14,Spring,Sat,0,0,rain,16.8,16.8,92.2,18.0,902,2507,3409
135,2011-05-15,2011,5,15,Spring,Sun,0,0,rain,19.2,19.2,86.9,18.1,1582,2971,4553
136,2011-05-16,2011,5,16,Spring,Mon,1,0,rain,19.8,19.8,78.5,23.8,773,3185,3958
137,2011-05-17,2011,5,17,Spring,Tue,1,0,rain,19.2,19.2,83.2,28.7,678,3445,4123
138,2011-05-18,2011,5,18,Spring,Wed,1,0,rain,18.5,18.5,86.5,18.2,536,3319,3855
139,2011-05-19,2011,5,19,Spring,Thu,1,0,rain,17.6,17.6,83.2,16.1,735,3840,4575
140,2011-05-20,2011,5,20,Spring,Fri,1,0,rain,17.8,17.8,72.3,17.5,909,4008,4917
<<<<<<< HEAD
141,2011-05-21,2011,5,21,Spring,Sat,0,0,cloudy,20.9,20.9,63.3,17.9,2258,3547,5805
=======
141,2011-05-21,2011,5,21,Spring,Sat,0,0,broken,20.9,20.9,63.3,17.9,2258,3547,5805
>>>>>>> 1ed2b50761bff6a9d18fc50d8fb144b0850f2594
142,2011-05-22,2011,5,22,Spring,Sun,0,0,rain,21.2,21.2,74.5,16.6,1576,3084,4660
143,2011-05-23,2011,5,23,Spring,Mon,1,0,rain,22.5,22.8,81.3,28.3,836,3438,4274
144,2011-05-24,2011,5,24,Spring,Tue,1,0,rain,24.0,24.1,74.7,24.6,659,3833,4492
145,2011-05-25,2011,5,25,Spring,Wed,1,0,rain,24.2,24.4,69.1,22.2,740,4238,4978
146,2011-05-26,2011,5,26,Spring,Thu,1,0,cloudy,26.2,27.0,68.5,23.8,758,3919,4677
147,2011-05-27,2011,5,27,Spring,Fri,1,0,rain,25.3,25.7,64.9,33.1,871,3808,4679
148,2011-05-28,2011,5,28,Spring,Sat,0,0,rain,23.5,23.7,73.5,19.8,2001,2757,4758
149,2011-05-29,2011,5,29,Spring,Sun,0,0,overcast,24.1,24.8,82.7,20.4,2355,2433,4788
150,2011-05-30,2011,5,30,Spring,Mon,0,1,good,28.2,29.5,68.2,17.9,1549,2549,4098
151,2011-05-31,2011,5,31,Spring,Tue,1,0,cloudy,29.6,31.6,64.3,14.4,673,3309,3982
152,2011-06-01,2011,6,1,Summer,Wed,1,0,rain,29.0,31.3,69.4,23.6,513,3461,3974
153,2011-06-02,2011,6,2,Summer,Thu,1,0,good,26.8,26.2,31.9,34.6,736,4232,4968
154,2011-06-03,2011,6,3,Summer,Fri,1,0,rain,21.8,21.8,35.6,22.7,898,4414,5312
<<<<<<< HEAD
155,2011-06-04,2011,6,4,Summer,Sat,0,0,cloudy,22.4,22.2,46.0,16.6,1869,3473,5342
156,2011-06-05,2011,6,5,Summer,Sun,0,0,overcast,23.2,23.2,65.4,15.8,1685,3221,4906
157,2011-06-06,2011,6,6,Summer,Mon,1,0,cloudy,24.6,24.4,61.4,17.7,673,3875,4548
158,2011-06-07,2011,6,7,Summer,Tue,1,0,overcast,26.1,26.3,60.2,21.4,763,4070,4833
=======
155,2011-06-04,2011,6,4,Summer,Sat,0,0,broken,22.4,22.2,46.0,16.6,1869,3473,5342
156,2011-06-05,2011,6,5,Summer,Sun,0,0,overcast,23.2,23.2,65.4,15.8,1685,3221,4906
157,2011-06-06,2011,6,6,Summer,Mon,1,0,cloudy,24.6,24.4,61.4,17.7,673,3875,4548
158,2011-06-07,2011,6,7,Summer,Tue,1,0,broken,26.1,26.3,60.2,21.4,763,4070,4833
>>>>>>> 1ed2b50761bff6a9d18fc50d8fb144b0850f2594
159,2011-06-08,2011,6,8,Summer,Wed,1,0,cloudy,29.3,31.2,62.9,16.0,676,3725,4401
160,2011-06-09,2011,6,9,Summer,Thu,1,0,cloudy,31.4,33.7,58.4,18.0,563,3352,3915
161,2011-06-10,2011,6,10,Summer,Fri,1,0,rain,28.6,30.0,60.9,26.6,815,3771,4586
162,2011-06-11,2011,6,11,Summer,Sat,0,0,rain,27.2,28.1,66.5,20.8,1729,3237,4966
163,2011-06-12,2011,6,12,Summer,Sun,0,0,rain,25.8,26.5,73.5,20.2,1467,2993,4460
<<<<<<< HEAD
164,2011-06-13,2011,6,13,Summer,Mon,1,0,cloudy,22.7,22.7,51.1,32.9,863,4157,5020
165,2011-06-14,2011,6,14,Summer,Tue,1,0,cloudy,21.2,21.2,50.3,27.1,727,4164,4891
=======
164,2011-06-13,2011,6,13,Summer,Mon,1,0,broken,22.7,22.7,51.1,32.9,863,4157,5020
165,2011-06-14,2011,6,14,Summer,Tue,1,0,broken,21.2,21.2,50.3,27.1,727,4164,4891
>>>>>>> 1ed2b50761bff6a9d18fc50d8fb144b0850f2594
166,2011-06-15,2011,6,15,Summer,Wed,1,0,cloudy,22.0,21.8,48.3,23.2,769,4411,5180
167,2011-06-16,2011,6,16,Summer,Thu,1,0,rain,22.3,22.3,68.0,25.1,545,3222,3767
168,2011-06-17,2011,6,17,Summer,Fri,1,0,rain,23.0,23.1,76.4,26.4,863,3981,4844
169,2011-06-18,2011,6,18,Summer,Sat,0,0,overcast,25.5,25.9,69.0,17.3,1807,3312,5119
170,2011-06-19,2011,6,19,Summer,Sun,0,0,rain,25.9,26.2,67.2,14.2,1639,3105,4744
171,2011-06-20,2011,6,20,Summer,Mon,1,0,rain,22.6,22.6,75.9,16.0,699,3311,4010
172,2011-06-21,2011,6,21,Summer,Tue,1,0,rain,24.7,25.8,77.8,16.4,774,4061,4835
173,2011-06-22,2011,6,22,Summer,Wed,1,0,overcast,27.5,29.4,71.0,25.0,661,3846,4507
174,2011-06-23,2011,6,23,Summer,Thu,1,0,overcast,27.2,28.7,71.4,26.1,746,4044,4790
<<<<<<< HEAD
175,2011-06-24,2011,6,24,Summer,Fri,1,0,overcast,27.1,27.0,58.8,27.9,969,4022,4991
=======
175,2011-06-24,2011,6,24,Summer,Fri,1,0,broken,27.1,27.0,58.8,27.9,969,4022,4991
>>>>>>> 1ed2b50761bff6a9d18fc50d8fb144b0850f2594
176,2011-06-25,2011,6,25,Summer,Sat,0,0,overcast,25.7,25.7,48.9,19.6,1782,3420,5202
177,2011-06-26,2011,6,26,Summer,Sun,0,0,overcast,24.7,24.6,52.4,19.4,1920,3385,5305
178,2011-06-27,2011,6,27,Summer,Mon,1,0,rain,24.9,25.2,66.6,16.8,854,3854,4708
179,2011-06-28,2011,6,28,Summer,Tue,1,0,overcast,28.0,29.2,64.3,19.5,732,3916,4648
<<<<<<< HEAD
180,2011-06-29,2011,6,29,Summer,Wed,1,0,cloudy,27.3,26.8,50.9,27.3,848,4377,5225
181,2011-06-30,2011,6,30,Summer,Thu,1,0,cloudy,25.7,25.2,43.9,23.0,1027,4488,5515
182,2011-07-01,2011,7,1,Summer,Fri,1,0,good,26.7,26.0,40.9,16.3,1246,4116,5362
=======
180,2011-06-29,2011,6,29,Summer,Wed,1,0,broken,27.3,26.8,50.9,27.3,848,4377,5225
181,2011-06-30,2011,6,30,Summer,Thu,1,0,cloudy,25.7,25.2,43.9,23.0,1027,4488,5515
182,2011-07-01,2011,7,1,Summer,Fri,1,0,cloudy,26.7,26.0,40.9,16.3,1246,4116,5362
>>>>>>> 1ed2b50761bff6a9d18fc50d8fb144b0850f2594
183,2011-07-02,2011,7,2,Summer,Sat,0,0,cloudy,27.5,27.1,45.2,17.6,2204,2915,5119
184,2011-07-03,2011,7,3,Summer,Sun,0,0,rain,26.6,27.6,69.7,19.4,2282,2367,4649
185,2011-07-04,2011,7,4,Summer,Mon,0,1,rain,27.0,27.7,65.3,11.1,3065,2978,6043
186,2011-07-05,2011,7,5,Summer,Tue,1,0,rain,28.1,29.2,60.3,15.9,1031,3634,4665
187,2011-07-06,2011,7,6,Summer,Wed,1,0,rain,26.9,28.2,74.3,17.9,784,3845,4629
188,2011-07-07,2011,7,7,Summer,Thu,1,0,rain,28.4,29.5,66.2,20.4,754,3838,4592
189,2011-07-08,2011,7,8,Summer,Fri,1,0,rain,26.2,27.6,76.1,23.2,692,3348,4040
190,2011-07-09,2011,7,9,Summer,Sat,0,0,cloudy,27.4,27.6,61.9,19.8,1988,3348,5336
<<<<<<< HEAD
191,2011-07-10,2011,7,10,Summer,Sun,0,0,good,28.1,28.8,58.5,21.0,1743,3138,4881
192,2011-07-11,2011,7,11,Summer,Mon,1,0,rain,29.1,31.5,63.0,27.0,723,3363,4086
193,2011-07-12,2011,7,12,Summer,Tue,1,0,cloudy,30.3,31.9,57.9,31.7,662,3596,4258
194,2011-07-13,2011,7,13,Summer,Wed,1,0,rain,28.3,29.3,63.3,21.7,748,3594,4342
195,2011-07-14,2011,7,14,Summer,Thu,1,0,cloudy,24.8,24.6,49.5,23.5,888,4196,5084
196,2011-07-15,2011,7,15,Summer,Fri,1,0,cloudy,23.9,23.9,60.1,16.1,1318,4220,5538
197,2011-07-16,2011,7,16,Summer,Sat,0,0,good,25.0,25.1,59.5,21.4,2418,3505,5923
198,2011-07-17,2011,7,17,Summer,Sun,0,0,cloudy,26.7,27.4,60.6,24.8,2006,3296,5302
199,2011-07-18,2011,7,18,Summer,Mon,1,0,cloudy,28.1,29.7,65.6,23.1,841,3617,4458
=======
191,2011-07-10,2011,7,10,Summer,Sun,0,0,cloudy,28.1,28.8,58.5,21.0,1743,3138,4881
192,2011-07-11,2011,7,11,Summer,Mon,1,0,rain,29.1,31.5,63.0,27.0,723,3363,4086
193,2011-07-12,2011,7,12,Summer,Tue,1,0,broken,30.3,31.9,57.9,31.7,662,3596,4258
194,2011-07-13,2011,7,13,Summer,Wed,1,0,rain,28.3,29.3,63.3,21.7,748,3594,4342
195,2011-07-14,2011,7,14,Summer,Thu,1,0,cloudy,24.8,24.6,49.5,23.5,888,4196,5084
196,2011-07-15,2011,7,15,Summer,Fri,1,0,broken,23.9,23.9,60.1,16.1,1318,4220,5538
197,2011-07-16,2011,7,16,Summer,Sat,0,0,cloudy,25.0,25.1,59.5,21.4,2418,3505,5923
198,2011-07-17,2011,7,17,Summer,Sun,0,0,cloudy,26.7,27.4,60.6,24.8,2006,3296,5302
199,2011-07-18,2011,7,18,Summer,Mon,1,0,broken,28.1,29.7,65.6,23.1,841,3617,4458
>>>>>>> 1ed2b50761bff6a9d18fc50d8fb144b0850f2594
200,2011-07-19,2011,7,19,Summer,Tue,1,0,rain,29.8,32.7,64.4,20.1,752,3789,4541
201,2011-07-20,2011,7,20,Summer,Wed,1,0,rain,29.1,32.5,71.7,15.3,644,3688,4332
202,2011-07-21,2011,7,21,Summer,Thu,1,0,good,31.5,38.1,69.8,23.5,632,3152,3784
203,2011-07-22,2011,7,22,Summer,Fri,1,0,cloudy,33.3,39.6,59.1,20.0,562,2825,3387
<<<<<<< HEAD
204,2011-07-23,2011,7,23,Summer,Sat,0,0,cloudy,33.3,36.8,50.2,21.4,987,2298,3285
205,2011-07-24,2011,7,24,Summer,Sun,0,0,overcast,32.3,36.1,55.5,24.7,1050,2556,3606
206,2011-07-25,2011,7,25,Summer,Mon,1,0,rain,28.2,31.2,75.4,27.2,568,3272,3840
207,2011-07-26,2011,7,26,Summer,Tue,1,0,cloudy,29.3,29.3,55.7,25.1,750,3840,4590
208,2011-07-27,2011,7,27,Summer,Wed,1,0,cloudy,29.6,29.3,41.5,23.8,755,3901,4656
=======
204,2011-07-23,2011,7,23,Summer,Sat,0,0,broken,33.3,36.8,50.2,21.4,987,2298,3285
205,2011-07-24,2011,7,24,Summer,Sun,0,0,overcast,32.3,36.1,55.5,24.7,1050,2556,3606
206,2011-07-25,2011,7,25,Summer,Mon,1,0,rain,28.2,31.2,75.4,27.2,568,3272,3840
207,2011-07-26,2011,7,26,Summer,Tue,1,0,cloudy,29.3,29.3,55.7,25.1,750,3840,4590
208,2011-07-27,2011,7,27,Summer,Wed,1,0,broken,29.6,29.3,41.5,23.8,755,3901,4656
>>>>>>> 1ed2b50761bff6a9d18fc50d8fb144b0850f2594
209,2011-07-28,2011,7,28,Summer,Thu,1,0,overcast,29.6,32.0,57.7,17.5,606,3784,4390
210,2011-07-29,2011,7,29,Summer,Fri,1,0,cloudy,32.7,35.5,55.9,25.1,670,3176,3846
211,2011-07-30,2011,7,30,Summer,Sat,0,0,cloudy,31.3,32.1,46.9,20.3,1559,2916,4475
212,2011-07-31,2011,7,31,Summer,Sun,0,0,cloudy,31.1,31.9,48.3,21.9,1524,2778,4302
213,2011-08-01,2011,8,1,Summer,Mon,1,0,rain,29.5,29.9,55.5,20.5,729,3537,4266
214,2011-08-02,2011,8,2,Summer,Tue,1,0,rain,29.7,29.9,50.7,27.6,801,4044,4845
215,2011-08-03,2011,8,3,Summer,Wed,1,0,rain,27.6,28.6,65.1,23.0,467,3107,3574
216,2011-08-04,2011,8,4,Summer,Thu,1,0,rain,26.3,27.1,77.1,23.7,799,3777,4576
<<<<<<< HEAD
217,2011-08-05,2011,8,5,Summer,Fri,1,0,cloudy,26.2,26.7,64.0,20.2,1023,3843,4866
=======
217,2011-08-05,2011,8,5,Summer,Fri,1,0,broken,26.2,26.7,64.0,20.2,1023,3843,4866
>>>>>>> 1ed2b50761bff6a9d18fc50d8fb144b0850f2594
218,2011-08-06,2011,8,6,Summer,Sat,0,0,rain,26.9,28.2,74.1,29.2,1521,2773,4294
219,2011-08-07,2011,8,7,Summer,Sun,0,0,rain,28.0,29.5,76.7,20.3,1298,2487,3785
220,2011-08-08,2011,8,8,Summer,Mon,1,0,rain,28.9,29.8,60.7,25.7,846,3480,4326
221,2011-08-09,2011,8,9,Summer,Tue,1,0,rain,29.3,30.8,59.3,20.1,907,3695,4602
222,2011-08-10,2011,8,10,Summer,Wed,1,0,cloudy,29.1,28.8,43.8,24.9,884,3896,4780
<<<<<<< HEAD
223,2011-08-11,2011,8,11,Summer,Thu,1,0,cloudy,26.7,26.3,42.8,20.3,812,3980,4792
=======
223,2011-08-11,2011,8,11,Summer,Thu,1,0,broken,26.7,26.3,42.8,20.3,812,3980,4792
>>>>>>> 1ed2b50761bff6a9d18fc50d8fb144b0850f2594
224,2011-08-12,2011,8,12,Summer,Fri,1,0,cloudy,26.0,25.6,42.7,19.6,1051,3854,4905
225,2011-08-13,2011,8,13,Summer,Sat,0,0,rain,25.3,25.8,71.3,38.9,1504,2646,4150
226,2011-08-14,2011,8,14,Summer,Sun,0,0,rain,25.1,25.8,81.7,21.4,1338,2482,3820
227,2011-08-15,2011,8,15,Summer,Mon,1,0,rain,24.0,24.3,72.9,20.9,775,3563,4338
228,2011-08-16,2011,8,16,Summer,Tue,1,0,rain,25.8,25.9,58.7,28.9,721,4004,4725
229,2011-08-17,2011,8,17,Summer,Wed,1,0,cloudy,26.7,27.0,58.9,17.2,668,4026,4694
230,2011-08-18,2011,8,18,Summer,Thu,1,0,rain,26.4,27.0,66.3,24.7,639,3166,3805
231,2011-08-19,2011,8,19,Summer,Fri,1,0,rain,25.2,25.8,72.6,27.9,797,3356,4153
232,2011-08-20,2011,8,20,Summer,Sat,0,0,rain,25.4,26.0,69.2,16.0,1914,3277,5191
233,2011-08-21,2011,8,21,Summer,Sun,0,0,rain,26.5,27.6,76.8,26.7,1249,2624,3873
<<<<<<< HEAD
234,2011-08-22,2011,8,22,Summer,Mon,1,0,cloudy,25.5,25.3,49.2,30.5,833,3925,4758
235,2011-08-23,2011,8,23,Summer,Tue,1,0,cloudy,22.8,22.7,46.0,16.4,1281,4614,5895
236,2011-08-24,2011,8,24,Summer,Wed,1,0,cloudy,24.3,24.6,61.2,28.5,949,4181,5130
=======
234,2011-08-22,2011,8,22,Summer,Mon,1,0,broken,25.5,25.3,49.2,30.5,833,3925,4758
235,2011-08-23,2011,8,23,Summer,Tue,1,0,broken,22.8,22.7,46.0,16.4,1281,4614,5895
236,2011-08-24,2011,8,24,Summer,Wed,1,0,broken,24.3,24.6,61.2,28.5,949,4181,5130
>>>>>>> 1ed2b50761bff6a9d18fc50d8fb144b0850f2594
237,2011-08-25,2011,8,25,Summer,Thu,1,0,rain,25.0,25.5,77.3,30.0,435,3107,3542
238,2011-08-26,2011,8,26,Summer,Fri,1,0,rain,25.7,27.1,77.1,16.6,768,3893,4661
239,2011-08-27,2011,8,27,Summer,Sat,0,0,rain,24.5,24.5,86.3,52.6,226,889,1115
240,2011-08-28,2011,8,28,Summer,Sun,0,0,rain,25.0,25.0,65.7,64.6,1415,2919,4334
<<<<<<< HEAD
241,2011-08-29,2011,8,29,Summer,Mon,1,0,overcast,22.6,22.6,57.2,15.9,729,3905,4634
242,2011-08-30,2011,8,30,Summer,Tue,1,0,good,22.6,22.5,55.8,14.5,775,4429,5204
=======
241,2011-08-29,2011,8,29,Summer,Mon,1,0,broken,22.6,22.6,57.2,15.9,729,3905,4634
242,2011-08-30,2011,8,30,Summer,Tue,1,0,cloudy,22.6,22.5,55.8,14.5,775,4429,5204
>>>>>>> 1ed2b50761bff6a9d18fc50d8fb144b0850f2594
243,2011-08-31,2011,8,31,Summer,Wed,1,0,rain,23.3,23.2,59.9,14.2,688,4370,5058
244,2011-09-01,2011,9,1,Autumn,Thu,1,0,rain,23.3,23.5,64.9,16.3,783,4332,5115
245,2011-09-02,2011,9,2,Autumn,Fri,1,0,rain,22.9,22.9,73.3,16.2,875,3852,4727
246,2011-09-03,2011,9,3,Autumn,Sat,0,0,overcast,24.2,24.6,71.8,18.1,1935,2549,4484
<<<<<<< HEAD
247,2011-09-04,2011,9,4,Autumn,Sun,0,0,overcast,26.2,27.6,75.1,21.4,2521,2419,4940
=======
247,2011-09-04,2011,9,4,Autumn,Sun,0,0,broken,26.2,27.6,75.1,21.4,2521,2419,4940
>>>>>>> 1ed2b50761bff6a9d18fc50d8fb144b0850f2594
248,2011-09-05,2011,9,5,Autumn,Mon,0,1,rain,25.0,25.4,78.1,33.8,1236,2115,3351
249,2011-09-06,2011,9,6,Autumn,Tue,1,0,rain,18.1,18.1,88.0,32.6,204,2506,2710
250,2011-09-07,2011,9,7,Autumn,Wed,1,0,rain,20.7,20.7,92.8,20.4,118,1878,1996
251,2011-09-08,2011,9,8,Autumn,Thu,1,0,rain,22.5,22.5,93.7,24.7,153,1689,1842
252,2011-09-09,2011,9,9,Autumn,Fri,1,0,rain,23.3,23.6,89.9,22.5,417,3127,3544
253,2011-09-10,2011,9,10,Autumn,Sat,0,0,rain,23.9,24.2,76.5,19.8,1750,3595,5345
<<<<<<< HEAD
254,2011-09-11,2011,9,11,Autumn,Sun,0,0,cloudy,23.6,23.8,72.4,24.4,1633,3413,5046
=======
254,2011-09-11,2011,9,11,Autumn,Sun,0,0,broken,23.6,23.8,72.4,24.4,1633,3413,5046
>>>>>>> 1ed2b50761bff6a9d18fc50d8fb144b0850f2594
255,2011-09-12,2011,9,12,Autumn,Mon,1,0,rain,22.8,22.9,70.4,12.8,690,4023,4713
256,2011-09-13,2011,9,13,Autumn,Tue,1,0,good,23.4,23.5,72.0,21.2,701,4062,4763
257,2011-09-14,2011,9,14,Autumn,Wed,1,0,cloudy,24.6,25.0,70.4,24.9,647,4138,4785
258,2011-09-15,2011,9,15,Autumn,Thu,1,0,rain,20.3,20.3,71.7,37.9,428,3231,3659
<<<<<<< HEAD
259,2011-09-16,2011,9,16,Autumn,Fri,1,0,overcast,14.2,14.0,59.8,17.7,742,4018,4760
=======
259,2011-09-16,2011,9,16,Autumn,Fri,1,0,broken,14.2,14.0,59.8,17.7,742,4018,4760
>>>>>>> 1ed2b50761bff6a9d18fc50d8fb144b0850f2594
260,2011-09-17,2011,9,17,Autumn,Sat,0,0,overcast,15.5,15.5,71.6,17.0,1434,3077,4511
261,2011-09-18,2011,9,18,Autumn,Sun,0,0,overcast,16.1,16.1,70.6,15.8,1353,2921,4274
262,2011-09-19,2011,9,19,Autumn,Mon,1,0,overcast,18.3,18.3,70.1,14.3,691,3848,4539
263,2011-09-20,2011,9,20,Autumn,Tue,1,0,rain,19.0,19.0,86.6,15.8,438,3203,3641
264,2011-09-21,2011,9,21,Autumn,Wed,1,0,rain,20.6,20.6,90.0,14.6,539,3813,4352
265,2011-09-22,2011,9,22,Autumn,Thu,1,0,overcast,22.3,22.3,90.2,14.2,555,4240,4795
266,2011-09-23,2011,9,23,Autumn,Fri,1,0,rain,21.6,21.6,96.7,12.7,258,2137,2395
267,2011-09-24,2011,9,24,Autumn,Sat,0,0,rain,21.3,21.3,86.7,10.6,1776,3647,5423
268,2011-09-25,2011,9,25,Autumn,Sun,0,0,rain,22.6,22.6,85.4,9.2,1544,3466,5010
269,2011-09-26,2011,9,26,Autumn,Mon,1,0,overcast,23.3,23.4,84.8,14.6,684,3946,4630
270,2011-09-27,2011,9,27,Autumn,Tue,1,0,rain,22.8,22.8,89.1,13.0,477,3643,4120
271,2011-09-28,2011,9,28,Autumn,Wed,1,0,rain,22.7,22.8,84.5,17.8,480,3427,3907
<<<<<<< HEAD
272,2011-09-29,2011,9,29,Autumn,Thu,1,0,cloudy,21.9,21.9,71.5,24.8,653,4186,4839
=======
272,2011-09-29,2011,9,29,Autumn,Thu,1,0,broken,21.9,21.9,71.5,24.8,653,4186,4839
>>>>>>> 1ed2b50761bff6a9d18fc50d8fb144b0850f2594
273,2011-09-30,2011,9,30,Autumn,Fri,1,0,rain,19.1,19.1,66.3,23.7,830,4372,5202
274,2011-10-01,2011,10,1,Autumn,Sat,0,0,rain,11.7,11.0,74.9,27.5,480,1949,2429
275,2011-10-02,2011,10,2,Autumn,Sun,0,0,rain,8.9,6.7,79.2,23.6,616,2302,2918
276,2011-10-03,2011,10,3,Autumn,Mon,1,0,rain,10.1,9.8,76.6,14.4,330,3240,3570
277,2011-10-04,2011,10,4,Autumn,Tue,1,0,rain,14.9,14.9,72.4,25.6,486,3970,4456
278,2011-10-05,2011,10,5,Autumn,Wed,1,0,good,17.6,17.6,65.7,25.2,559,4267,4826
279,2011-10-06,2011,10,6,Autumn,Thu,1,0,good,15.6,15.6,62.4,17.2,639,4126,4765
280,2011-10-07,2011,10,7,Autumn,Fri,1,0,good,16.1,16.1,70.3,15.4,949,4036,4985
281,2011-10-08,2011,10,8,Autumn,Sat,0,0,good,16.9,16.9,69.8,9.2,2235,3174,5409
282,2011-10-09,2011,10,9,Autumn,Sun,0,0,cloudy,17.8,17.8,72.6,10.7,2397,3114,5511
283,2011-10-10,2011,10,10,Autumn,Mon,0,1,overcast,19.3,19.3,73.7,10.1,1514,3603,5117
284,2011-10-11,2011,10,11,Autumn,Tue,1,0,overcast,19.2,19.2,80.9,15.7,667,3896,4563
285,2011-10-12,2011,10,12,Autumn,Wed,1,0,rain,18.3,18.3,89.1,28.4,217,2199,2416
286,2011-10-13,2011,10,13,Autumn,Thu,1,0,rain,20.2,20.2,90.6,35.2,290,2623,2913
287,2011-10-14,2011,10,14,Autumn,Fri,1,0,rain,18.8,18.8,73.8,27.1,529,3115,3644
288,2011-10-15,2011,10,15,Autumn,Sat,0,0,good,16.1,16.1,49.7,36.3,1899,3318,5217
289,2011-10-16,2011,10,16,Autumn,Sun,0,0,cloudy,16.3,16.2,49.3,30.8,1748,3293,5041
<<<<<<< HEAD
290,2011-10-17,2011,10,17,Autumn,Mon,1,0,cloudy,17.7,17.7,56.9,26.7,713,3857,4570
291,2011-10-18,2011,10,18,Autumn,Tue,1,0,overcast,17.4,17.4,71.0,15.6,637,4111,4748
292,2011-10-19,2011,10,19,Autumn,Wed,1,0,rain,18.0,18.0,88.3,31.3,254,2170,2424
293,2011-10-20,2011,10,20,Autumn,Thu,1,0,rain,15.1,15.1,65.1,37.8,471,3724,4195
294,2011-10-21,2011,10,21,Autumn,Fri,1,0,cloudy,12.3,11.9,58.4,24.2,676,3628,4304
=======
290,2011-10-17,2011,10,17,Autumn,Mon,1,0,broken,17.7,17.7,56.9,26.7,713,3857,4570
291,2011-10-18,2011,10,18,Autumn,Tue,1,0,overcast,17.4,17.4,71.0,15.6,637,4111,4748
292,2011-10-19,2011,10,19,Autumn,Wed,1,0,rain,18.0,18.0,88.3,31.3,254,2170,2424
293,2011-10-20,2011,10,20,Autumn,Thu,1,0,rain,15.1,15.1,65.1,37.8,471,3724,4195
294,2011-10-21,2011,10,21,Autumn,Fri,1,0,broken,12.3,11.9,58.4,24.2,676,3628,4304
>>>>>>> 1ed2b50761bff6a9d18fc50d8fb144b0850f2594
295,2011-10-22,2011,10,22,Autumn,Sat,0,0,cloudy,11.9,11.9,63.2,15.6,1499,2809,4308
296,2011-10-23,2011,10,23,Autumn,Sun,0,0,cloudy,11.8,11.7,74.9,15.7,1619,2762,4381
297,2011-10-24,2011,10,24,Autumn,Mon,1,0,rain,13.9,13.9,77.6,16.0,699,3488,4187
298,2011-10-25,2011,10,25,Autumn,Tue,1,0,rain,14.4,14.3,63.4,25.6,695,3992,4687
299,2011-10-26,2011,10,26,Autumn,Wed,1,0,rain,15.1,15.1,70.9,21.6,404,3490,3894
300,2011-10-27,2011,10,27,Autumn,Thu,1,0,rain,14.8,14.6,83.6,41.9,240,2419,2659
301,2011-10-28,2011,10,28,Autumn,Fri,1,0,rain,7.5,5.0,58.3,27.5,456,3291,3747
302,2011-10-29,2011,10,29,Autumn,Sat,0,0,overcast,3.7,-1.0,88.3,31.8,57,570,627
<<<<<<< HEAD
303,2011-10-30,2011,10,30,Autumn,Sun,0,0,good,6.3,4.4,63.6,23.2,885,2446,3331
304,2011-10-31,2011,10,31,Autumn,Mon,1,0,overcast,7.6,7.2,70.5,14.6,362,3307,3669
305,2011-11-01,2011,11,1,Autumn,Tue,1,0,rain,10.8,10.0,69.2,16.3,410,3658,4068
306,2011-11-02,2011,11,2,Autumn,Wed,1,0,rain,9.6,9.5,73.0,12.6,370,3816,4186
307,2011-11-03,2011,11,3,Autumn,Thu,1,0,cloudy,11.2,10.5,70.6,16.3,318,3656,3974
308,2011-11-04,2011,11,4,Autumn,Fri,1,0,cloudy,11.2,10.7,64.1,33.2,470,3576,4046
309,2011-11-05,2011,11,5,Autumn,Sat,0,0,good,7.2,5.1,51.2,22.9,1156,2770,3926
310,2011-11-06,2011,11,6,Autumn,Sun,0,0,good,8.0,7.6,73.8,14.1,952,2697,3649
=======
303,2011-10-30,2011,10,30,Autumn,Sun,0,0,cloudy,6.3,4.4,63.6,23.2,885,2446,3331
304,2011-10-31,2011,10,31,Autumn,Mon,1,0,broken,7.6,7.2,70.5,14.6,362,3307,3669
305,2011-11-01,2011,11,1,Autumn,Tue,1,0,rain,10.8,10.0,69.2,16.3,410,3658,4068
306,2011-11-02,2011,11,2,Autumn,Wed,1,0,rain,9.6,9.5,73.0,12.6,370,3816,4186
307,2011-11-03,2011,11,3,Autumn,Thu,1,0,broken,11.2,10.5,70.6,16.3,318,3656,3974
308,2011-11-04,2011,11,4,Autumn,Fri,1,0,broken,11.2,10.7,64.1,33.2,470,3576,4046
309,2011-11-05,2011,11,5,Autumn,Sat,0,0,good,7.2,5.1,51.2,22.9,1156,2770,3926
310,2011-11-06,2011,11,6,Autumn,Sun,0,0,cloudy,8.0,7.6,73.8,14.1,952,2697,3649
>>>>>>> 1ed2b50761bff6a9d18fc50d8fb144b0850f2594
311,2011-11-07,2011,11,7,Autumn,Mon,1,0,good,10.5,10.4,76.2,11.0,373,3662,4035
312,2011-11-08,2011,11,8,Autumn,Tue,1,0,good,11.3,11.1,72.0,10.8,376,3829,4205
313,2011-11-09,2011,11,9,Autumn,Wed,1,0,good,10.8,10.8,76.4,14.6,305,3804,4109
314,2011-11-10,2011,11,10,Autumn,Thu,1,0,rain,9.8,8.6,82.0,25.6,190,2743,2933
315,2011-11-11,2011,11,11,Autumn,Fri,0,1,rain,7.0,3.8,45.3,36.7,440,2928,3368
<<<<<<< HEAD
316,2011-11-12,2011,11,12,Autumn,Sat,0,0,good,8.6,7.4,55.9,20.6,1275,2792,4067
317,2011-11-13,2011,11,13,Autumn,Sun,0,0,overcast,12.8,12.3,46.5,31.8,1004,2713,3717
318,2011-11-14,2011,11,14,Autumn,Mon,1,0,overcast,17.5,17.5,58.6,28.5,595,3891,4486
=======
316,2011-11-12,2011,11,12,Autumn,Sat,0,0,cloudy,8.6,7.4,55.9,20.6,1275,2792,4067
317,2011-11-13,2011,11,13,Autumn,Sun,0,0,overcast,12.8,12.3,46.5,31.8,1004,2713,3717
318,2011-11-14,2011,11,14,Autumn,Mon,1,0,broken,17.5,17.5,58.6,28.5,595,3891,4486
>>>>>>> 1ed2b50761bff6a9d18fc50d8fb144b0850f2594
319,2011-11-15,2011,11,15,Autumn,Tue,1,0,rain,17.5,17.5,68.6,24.0,449,3746,4195
320,2011-11-16,2011,11,16,Autumn,Wed,1,0,rain,13.8,13.8,94.0,25.4,145,1672,1817
321,2011-11-17,2011,11,17,Autumn,Thu,1,0,rain,8.0,5.4,57.7,29.9,139,2914,3053
322,2011-11-18,2011,11,18,Autumn,Fri,1,0,good,4.5,1.8,41.6,21.6,245,3147,3392
<<<<<<< HEAD
323,2011-11-19,2011,11,19,Autumn,Sat,0,0,cloudy,7.3,5.0,50.8,20.9,943,2720,3663
=======
323,2011-11-19,2011,11,19,Autumn,Sat,0,0,broken,7.3,5.0,50.8,20.9,943,2720,3663
>>>>>>> 1ed2b50761bff6a9d18fc50d8fb144b0850f2594
324,2011-11-20,2011,11,20,Autumn,Sun,0,0,rain,14.2,14.2,67.9,18.6,787,2733,3520
325,2011-11-21,2011,11,21,Autumn,Mon,1,0,rain,13.3,13.3,91.7,17.8,220,2545,2765
326,2011-11-22,2011,11,22,Autumn,Tue,1,0,rain,11.7,11.4,95.8,16.7,69,1538,1607
327,2011-11-23,2011,11,23,Autumn,Wed,1,0,rain,13.0,12.2,75.4,34.8,112,2454,2566
328,2011-11-24,2011,11,24,Autumn,Thu,0,1,good,9.5,8.4,55.6,27.3,560,935,1495
329,2011-11-25,2011,11,25,Autumn,Fri,1,0,good,9.6,9.0,64.2,14.0,1095,1697,2792
330,2011-11-26,2011,11,26,Autumn,Sat,0,0,overcast,9.7,9.5,67.6,10.5,1249,1819,3068
331,2011-11-27,2011,11,27,Autumn,Sun,0,0,overcast,13.8,13.5,70.5,30.7,810,2261,3071
332,2011-11-28,2011,11,28,Autumn,Mon,1,0,overcast,16.1,16.1,74.5,20.0,253,3614,3867
333,2011-11-29,2011,11,29,Autumn,Tue,1,0,rain,13.7,13.3,84.1,31.2,96,2818,2914
334,2011-11-30,2011,11,30,Autumn,Wed,1,0,rain,7.2,4.2,61.4,27.4,188,3425,3613
335,2011-12-01,2011,12,1,Winter,Thu,1,0,good,6.4,4.0,53.2,23.6,182,3545,3727
336,2011-12-02,2011,12,2,Winter,Fri,1,0,good,6.5,5.7,62.8,17.3,268,3672,3940
<<<<<<< HEAD
337,2011-12-03,2011,12,3,Winter,Sat,0,0,cloudy,5.7,4.4,61.8,15.4,706,2908,3614
338,2011-12-04,2011,12,4,Winter,Sun,0,0,cloudy,7.3,6.7,78.0,14.7,634,2851,3485
=======
337,2011-12-03,2011,12,3,Winter,Sat,0,0,broken,5.7,4.4,61.8,15.4,706,2908,3614
338,2011-12-04,2011,12,4,Winter,Sun,0,0,broken,7.3,6.7,78.0,14.7,634,2851,3485
>>>>>>> 1ed2b50761bff6a9d18fc50d8fb144b0850f2594
339,2011-12-05,2011,12,5,Winter,Mon,1,0,overcast,10.1,9.9,83.4,10.1,233,3578,3811
340,2011-12-06,2011,12,6,Winter,Tue,1,0,rain,14.2,14.2,95.1,22.0,126,2468,2594
341,2011-12-07,2011,12,7,Winter,Wed,1,0,rain,11.5,10.5,97.2,40.5,50,655,705
342,2011-12-08,2011,12,8,Winter,Thu,1,0,rain,4.2,0.8,58.6,31.1,150,3172,3322
<<<<<<< HEAD
343,2011-12-09,2011,12,9,Winter,Fri,1,0,cloudy,5.3,4.4,70.5,20.5,261,3359,3620
344,2011-12-10,2011,12,10,Winter,Sat,0,0,cloudy,4.7,1.6,50.9,27.5,502,2688,3190
345,2011-12-11,2011,12,11,Winter,Sun,0,0,good,1.8,0.5,50.0,15.3,377,2366,2743
346,2011-12-12,2011,12,12,Winter,Mon,1,0,cloudy,2.6,1.8,67.9,9.1,143,3167,3310
=======
343,2011-12-09,2011,12,9,Winter,Fri,1,0,broken,5.3,4.4,70.5,20.5,261,3359,3620
344,2011-12-10,2011,12,10,Winter,Sat,0,0,broken,4.7,1.6,50.9,27.5,502,2688,3190
345,2011-12-11,2011,12,11,Winter,Sun,0,0,good,1.8,0.5,50.0,15.3,377,2366,2743
346,2011-12-12,2011,12,12,Winter,Mon,1,0,broken,2.6,1.8,67.9,9.1,143,3167,3310
>>>>>>> 1ed2b50761bff6a9d18fc50d8fb144b0850f2594
347,2011-12-13,2011,12,13,Winter,Tue,1,0,cloudy,4.8,3.5,59.9,23.7,155,3368,3523
348,2011-12-14,2011,12,14,Winter,Wed,1,0,overcast,6.8,6.2,66.0,11.0,178,3562,3740
349,2011-12-15,2011,12,15,Winter,Thu,1,0,rain,12.0,11.0,63.8,32.5,181,3528,3709
350,2011-12-16,2011,12,16,Winter,Fri,1,0,rain,9.7,7.7,50.1,27.1,178,3399,3577
351,2011-12-17,2011,12,17,Winter,Sat,0,0,overcast,3.9,0.3,55.7,25.3,275,2464,2739
<<<<<<< HEAD
352,2011-12-18,2011,12,18,Winter,Sun,0,0,overcast,2.7,-0.1,59.4,21.0,220,2211,2431
353,2011-12-19,2011,12,19,Winter,Mon,1,0,cloudy,4.7,2.6,63.4,21.6,260,3143,3403
=======
352,2011-12-18,2011,12,18,Winter,Sun,0,0,broken,2.7,-0.1,59.4,21.0,220,2211,2431
353,2011-12-19,2011,12,19,Winter,Mon,1,0,broken,4.7,2.6,63.4,21.6,260,3143,3403
>>>>>>> 1ed2b50761bff6a9d18fc50d8fb144b0850f2594
354,2011-12-20,2011,12,20,Winter,Tue,1,0,rain,10.2,10.1,59.7,12.4,216,3534,3750
355,2011-12-21,2011,12,21,Winter,Wed,1,0,rain,12.5,12.2,85.3,29.3,107,2553,2660
356,2011-12-22,2011,12,22,Winter,Thu,1,0,rain,12.0,11.9,76.6,11.2,227,2841,3068
357,2011-12-23,2011,12,23,Winter,Fri,1,0,rain,9.5,8.1,69.3,34.0,163,2046,2209
358,2011-12-24,2011,12,24,Winter,Sat,0,0,rain,5.9,3.7,55.2,32.9,155,856,1011
<<<<<<< HEAD
359,2011-12-25,2011,12,25,Winter,Sun,0,1,good,4.4,2.1,68.5,19.6,303,451,754
360,2011-12-26,2011,12,26,Winter,Mon,0,1,rain,6.9,4.5,50.6,37.3,430,887,1317
361,2011-12-27,2011,12,27,Winter,Tue,1,0,rain,6.9,5.0,77.6,29.0,103,1059,1162
362,2011-12-28,2011,12,28,Winter,Wed,1,0,cloudy,5.7,2.4,51.7,36.7,255,2047,2302
363,2011-12-29,2011,12,29,Winter,Thu,1,0,overcast,3.1,1.1,58.5,14.4,254,2169,2423
364,2011-12-30,2011,12,30,Winter,Fri,1,0,overcast,6.5,5.3,64.4,16.8,491,2508,2999
365,2011-12-31,2011,12,31,Winter,Sat,0,0,overcast,11.4,11.2,61.8,32.7,665,1820,2485
366,2012-01-01,2012,1,1,Winter,Sun,0,1,cloudy,9.5,8.9,68.4,30.7,686,1608,2294
367,2012-01-02,2012,1,2,Winter,Mon,0,1,cloudy,4.4,0.1,38.6,45.6,244,1707,1951
368,2012-01-03,2012,1,3,Winter,Tue,1,0,cloudy,-1.8,-8.0,43.3,43.6,89,2147,2236
369,2012-01-04,2012,1,4,Winter,Wed,1,0,cloudy,-3.4,-7.9,42.4,28.9,95,2273,2368
370,2012-01-05,2012,1,5,Winter,Thu,1,0,overcast,4.0,2.4,54.2,20.2,140,3132,3272
371,2012-01-06,2012,1,6,Winter,Fri,1,0,cloudy,7.9,6.7,53.1,18.5,307,3791,4098
=======
359,2011-12-25,2011,12,25,Winter,Sun,0,1,cloudy,4.4,2.1,68.5,19.6,303,451,754
360,2011-12-26,2011,12,26,Winter,Mon,0,1,rain,6.9,4.5,50.6,37.3,430,887,1317
361,2011-12-27,2011,12,27,Winter,Tue,1,0,rain,6.9,5.0,77.6,29.0,103,1059,1162
362,2011-12-28,2011,12,28,Winter,Wed,1,0,broken,5.7,2.4,51.7,36.7,255,2047,2302
363,2011-12-29,2011,12,29,Winter,Thu,1,0,broken,3.1,1.1,58.5,14.4,254,2169,2423
364,2011-12-30,2011,12,30,Winter,Fri,1,0,broken,6.5,5.3,64.4,16.8,491,2508,2999
365,2011-12-31,2011,12,31,Winter,Sat,0,0,broken,11.4,11.2,61.8,32.7,665,1820,2485
366,2012-01-01,2012,1,1,Winter,Sun,0,1,broken,9.5,8.9,68.4,30.7,686,1608,2294
367,2012-01-02,2012,1,2,Winter,Mon,0,1,broken,4.4,0.1,38.6,45.6,244,1707,1951
368,2012-01-03,2012,1,3,Winter,Tue,1,0,broken,-1.8,-8.0,43.3,43.6,89,2147,2236
369,2012-01-04,2012,1,4,Winter,Wed,1,0,broken,-3.4,-7.9,42.4,28.9,95,2273,2368
370,2012-01-05,2012,1,5,Winter,Thu,1,0,broken,4.0,2.4,54.2,20.2,140,3132,3272
371,2012-01-06,2012,1,6,Winter,Fri,1,0,broken,7.9,6.7,53.1,18.5,307,3791,4098
>>>>>>> 1ed2b50761bff6a9d18fc50d8fb144b0850f2594
372,2012-01-07,2012,1,7,Winter,Sat,0,0,cloudy,10.6,9.7,52.5,20.2,1070,3451,4521
373,2012-01-08,2012,1,8,Winter,Sun,0,0,overcast,7.4,5.5,47.7,20.5,599,2826,3425
374,2012-01-09,2012,1,9,Winter,Mon,1,0,overcast,2.0,0.2,72.2,10.9,106,2270,2376
375,2012-01-10,2012,1,10,Winter,Tue,1,0,rain,4.9,3.1,72.6,23.4,173,3425,3598
376,2012-01-11,2012,1,11,Winter,Wed,1,0,rain,4.6,2.6,86.6,16.1,92,2085,2177
377,2012-01-12,2012,1,12,Winter,Thu,1,0,rain,10.2,9.2,80.9,21.7,269,3828,4097
378,2012-01-13,2012,1,13,Winter,Fri,1,0,rain,4.1,-0.1,50.4,39.1,174,3040,3214
<<<<<<< HEAD
379,2012-01-14,2012,1,14,Winter,Sat,0,0,cloudy,-0.1,-4.0,46.3,22.8,333,2160,2493
380,2012-01-15,2012,1,15,Winter,Sun,0,0,good,-0.9,-5.3,42.3,25.5,284,2027,2311
=======
379,2012-01-14,2012,1,14,Winter,Sat,0,0,broken,-0.1,-4.0,46.3,22.8,333,2160,2493
380,2012-01-15,2012,1,15,Winter,Sun,0,0,cloudy,-0.9,-5.3,42.3,25.5,284,2027,2311
>>>>>>> 1ed2b50761bff6a9d18fc50d8fb144b0850f2594
381,2012-01-16,2012,1,16,Winter,Mon,0,1,rain,0.6,-3.2,54.1,29.5,217,2081,2298
382,2012-01-17,2012,1,17,Winter,Tue,1,0,rain,9.7,8.1,72.6,36.5,127,2808,2935
383,2012-01-18,2012,1,18,Winter,Wed,1,0,rain,5.5,1.3,45.0,38.3,109,3267,3376
384,2012-01-19,2012,1,19,Winter,Thu,1,0,cloudy,0.6,-3.0,50.3,28.5,130,3162,3292
385,2012-01-20,2012,1,20,Winter,Fri,1,0,overcast,1.6,-1.7,45.6,24.7,115,3048,3163
386,2012-01-21,2012,1,21,Winter,Sat,0,0,overcast,-0.4,-4.5,84.6,24.7,67,1234,1301
387,2012-01-22,2012,1,22,Winter,Sun,0,0,overcast,-0.9,-4.8,79.3,19.4,196,1781,1977
388,2012-01-23,2012,1,23,Winter,Mon,1,0,overcast,2.1,0.2,92.2,19.1,145,2287,2432
389,2012-01-24,2012,1,24,Winter,Tue,1,0,overcast,7.9,6.8,83.3,16.7,439,3900,4339
<<<<<<< HEAD
390,2012-01-25,2012,1,25,Winter,Wed,1,0,cloudy,5.6,3.4,64.6,21.3,467,3803,4270
391,2012-01-26,2012,1,26,Winter,Thu,1,0,rain,8.3,7.7,77.8,16.0,244,3831,4075
392,2012-01-27,2012,1,27,Winter,Fri,1,0,rain,12.0,11.0,74.4,39.1,269,3187,3456
393,2012-01-28,2012,1,28,Winter,Sat,0,0,good,6.7,5.3,53.7,27.0,775,3248,4023
=======
390,2012-01-25,2012,1,25,Winter,Wed,1,0,broken,5.6,3.4,64.6,21.3,467,3803,4270
391,2012-01-26,2012,1,26,Winter,Thu,1,0,rain,8.3,7.7,77.8,16.0,244,3831,4075
392,2012-01-27,2012,1,27,Winter,Fri,1,0,rain,12.0,11.0,74.4,39.1,269,3187,3456
393,2012-01-28,2012,1,28,Winter,Sat,0,0,cloudy,6.7,5.3,53.7,27.0,775,3248,4023
>>>>>>> 1ed2b50761bff6a9d18fc50d8fb144b0850f2594
394,2012-01-29,2012,1,29,Winter,Sun,0,0,cloudy,5.1,1.9,31.1,28.1,558,2685,3243
395,2012-01-30,2012,1,30,Winter,Mon,1,0,cloudy,4.4,1.1,40.7,25.3,126,3498,3624
396,2012-01-31,2012,1,31,Winter,Tue,1,0,cloudy,10.9,9.7,40.2,28.5,324,4185,4509
397,2012-02-01,2012,2,1,Winter,Wed,1,0,rain,14.3,14.1,51.9,21.9,304,4275,4579
398,2012-02-02,2012,2,2,Winter,Thu,1,0,rain,10.4,9.5,68.3,34.3,190,3571,3761
<<<<<<< HEAD
399,2012-02-03,2012,2,3,Winter,Fri,1,0,good,6.2,4.0,54.0,22.3,310,3841,4151
400,2012-02-04,2012,2,4,Winter,Sat,0,0,rain,4.0,2.2,78.2,17.9,384,2448,2832
401,2012-02-05,2012,2,5,Winter,Sun,0,0,overcast,4.2,1.5,68.3,19.8,318,2629,2947
402,2012-02-06,2012,2,6,Winter,Mon,1,0,good,4.8,3.1,63.8,21.5,206,3578,3784
403,2012-02-07,2012,2,7,Winter,Tue,1,0,good,8.4,7.3,49.5,22.3,199,4176,4375
=======
399,2012-02-03,2012,2,3,Winter,Fri,1,0,cloudy,6.2,4.0,54.0,22.3,310,3841,4151
400,2012-02-04,2012,2,4,Winter,Sat,0,0,rain,4.0,2.2,78.2,17.9,384,2448,2832
401,2012-02-05,2012,2,5,Winter,Sun,0,0,broken,4.2,1.5,68.3,19.8,318,2629,2947
402,2012-02-06,2012,2,6,Winter,Mon,1,0,good,4.8,3.1,63.8,21.5,206,3578,3784
403,2012-02-07,2012,2,7,Winter,Tue,1,0,cloudy,8.4,7.3,49.5,22.3,199,4176,4375
>>>>>>> 1ed2b50761bff6a9d18fc50d8fb144b0850f2594
404,2012-02-08,2012,2,8,Winter,Wed,1,0,rain,3.7,1.4,73.4,17.6,109,2693,2802
405,2012-02-09,2012,2,9,Winter,Thu,1,0,cloudy,4.2,1.3,55.7,28.7,163,3667,3830
406,2012-02-10,2012,2,10,Winter,Fri,1,0,overcast,4.9,3.3,54.9,15.8,227,3604,3831
407,2012-02-11,2012,2,11,Winter,Sat,0,0,overcast,1.9,-2.7,72.3,44.0,192,1977,2169
408,2012-02-12,2012,2,12,Winter,Sun,0,0,snow,-2.7,-9.5,46.6,47.2,73,1456,1529
<<<<<<< HEAD
409,2012-02-13,2012,2,13,Winter,Mon,1,0,good,2.2,-0.7,42.3,21.9,94,3328,3422
410,2012-02-14,2012,2,14,Winter,Tue,1,0,overcast,7.0,6.1,50.4,29.0,135,3787,3922
411,2012-02-15,2012,2,15,Winter,Wed,1,0,cloudy,8.2,6.9,54.4,25.4,141,4028,4169
=======
409,2012-02-13,2012,2,13,Winter,Mon,1,0,cloudy,2.2,-0.7,42.3,21.9,94,3328,3422
410,2012-02-14,2012,2,14,Winter,Tue,1,0,overcast,7.0,6.1,50.4,29.0,135,3787,3922
411,2012-02-15,2012,2,15,Winter,Wed,1,0,broken,8.2,6.9,54.4,25.4,141,4028,4169
>>>>>>> 1ed2b50761bff6a9d18fc50d8fb144b0850f2594
412,2012-02-16,2012,2,16,Winter,Thu,1,0,rain,6.7,5.7,76.7,16.4,74,2931,3005
413,2012-02-17,2012,2,17,Winter,Fri,1,0,rain,8.1,6.8,62.0,27.6,349,3805,4154
414,2012-02-18,2012,2,18,Winter,Sat,0,0,rain,8.1,7.1,53.6,29.2,1435,2883,4318
415,2012-02-19,2012,2,19,Winter,Sun,0,0,overcast,4.7,1.4,53.6,24.4,618,2071,2689
416,2012-02-20,2012,2,20,Winter,Mon,0,1,cloudy,4.8,1.9,51.1,28.5,502,2627,3129
<<<<<<< HEAD
417,2012-02-21,2012,2,21,Winter,Tue,1,0,cloudy,5.1,2.9,60.7,28.9,163,3614,3777
418,2012-02-22,2012,2,22,Winter,Wed,1,0,overcast,11.0,10.2,56.1,30.9,394,4379,4773
419,2012-02-23,2012,2,23,Winter,Thu,1,0,cloudy,13.6,13.3,56.2,18.5,516,4546,5062
=======
417,2012-02-21,2012,2,21,Winter,Tue,1,0,broken,5.1,2.9,60.7,28.9,163,3614,3777
418,2012-02-22,2012,2,22,Winter,Wed,1,0,overcast,11.0,10.2,56.1,30.9,394,4379,4773
419,2012-02-23,2012,2,23,Winter,Thu,1,0,broken,13.6,13.3,56.2,18.5,516,4546,5062
>>>>>>> 1ed2b50761bff6a9d18fc50d8fb144b0850f2594
420,2012-02-24,2012,2,24,Winter,Fri,1,0,rain,11.2,10.6,75.2,44.8,246,3241,3487
421,2012-02-25,2012,2,25,Winter,Sat,0,0,rain,5.3,0.6,38.8,43.1,317,2415,2732
422,2012-02-26,2012,2,26,Winter,Sun,0,0,good,4.8,1.8,42.0,23.2,515,2874,3389
423,2012-02-27,2012,2,27,Winter,Mon,1,0,cloudy,9.5,8.0,49.2,29.1,253,4069,4322
424,2012-02-28,2012,2,28,Winter,Tue,1,0,rain,8.7,7.0,39.5,31.2,229,4134,4363
425,2012-02-29,2012,2,29,Winter,Wed,1,0,rain,8.0,6.7,82.1,37.5,65,1769,1834
426,2012-03-01,2012,3,1,Spring,Thu,1,0,rain,14.9,14.6,60.7,30.1,325,4665,4990
427,2012-03-02,2012,3,2,Spring,Fri,1,0,rain,8.5,7.5,68.4,20.2,246,2948,3194
428,2012-03-03,2012,3,3,Spring,Sat,0,0,rain,11.7,11.3,60.2,23.8,956,3110,4066
<<<<<<< HEAD
429,2012-03-04,2012,3,4,Spring,Sun,0,0,overcast,6.9,3.4,40.8,39.8,710,2713,3423
430,2012-03-05,2012,3,5,Spring,Mon,1,0,cloudy,3.0,-0.4,51.3,41.9,203,3130,3333
431,2012-03-06,2012,3,6,Spring,Tue,1,0,good,3.8,0.9,47.3,21.8,221,3735,3956
432,2012-03-07,2012,3,7,Spring,Wed,1,0,cloudy,11.5,9.8,51.4,32.3,432,4484,4916
433,2012-03-08,2012,3,8,Spring,Thu,1,0,overcast,17.6,17.6,56.5,45.3,486,4896,5382
=======
429,2012-03-04,2012,3,4,Spring,Sun,0,0,broken,6.9,3.4,40.8,39.8,710,2713,3423
430,2012-03-05,2012,3,5,Spring,Mon,1,0,broken,3.0,-0.4,51.3,41.9,203,3130,3333
431,2012-03-06,2012,3,6,Spring,Tue,1,0,good,3.8,0.9,47.3,21.8,221,3735,3956
432,2012-03-07,2012,3,7,Spring,Wed,1,0,broken,11.5,9.8,51.4,32.3,432,4484,4916
433,2012-03-08,2012,3,8,Spring,Thu,1,0,broken,17.6,17.6,56.5,45.3,486,4896,5382
>>>>>>> 1ed2b50761bff6a9d18fc50d8fb144b0850f2594
434,2012-03-09,2012,3,9,Spring,Fri,1,0,rain,11.2,9.4,39.6,38.9,447,4122,4569
435,2012-03-10,2012,3,10,Spring,Sat,0,0,good,5.0,2.1,35.9,26.6,968,3150,4118
436,2012-03-11,2012,3,11,Spring,Sun,0,0,good,8.9,7.5,48.3,23.2,1658,3253,4911
437,2012-03-12,2012,3,12,Spring,Mon,1,0,overcast,14.3,13.6,48.6,28.5,838,4460,5298
438,2012-03-13,2012,3,13,Spring,Tue,1,0,rain,19.3,19.3,61.2,25.1,762,5085,5847
439,2012-03-14,2012,3,14,Spring,Wed,1,0,cloudy,19.5,19.5,50.6,21.4,997,5315,6312
<<<<<<< HEAD
440,2012-03-15,2012,3,15,Spring,Thu,1,0,cloudy,18.8,18.7,57.8,25.0,1005,5187,6192
=======
440,2012-03-15,2012,3,15,Spring,Thu,1,0,broken,18.8,18.7,57.8,25.0,1005,5187,6192
>>>>>>> 1ed2b50761bff6a9d18fc50d8fb144b0850f2594
441,2012-03-16,2012,3,16,Spring,Fri,1,0,rain,12.7,12.7,85.1,17.6,548,3830,4378
442,2012-03-17,2012,3,17,Spring,Sat,0,0,rain,16.5,16.5,75.7,19.6,3155,4681,7836
443,2012-03-18,2012,3,18,Spring,Sun,0,0,overcast,14.5,14.5,81.3,11.3,2207,3685,5892
444,2012-03-19,2012,3,19,Spring,Mon,1,0,rain,18.1,18.1,72.9,16.5,982,5171,6153
445,2012-03-20,2012,3,20,Spring,Tue,1,0,rain,18.8,18.8,81.6,13.8,1051,5042,6093
446,2012-03-21,2012,3,21,Spring,Wed,1,0,rain,17.2,17.2,84.1,16.1,1122,5108,6230
<<<<<<< HEAD
447,2012-03-22,2012,3,22,Spring,Thu,1,0,overcast,18.5,18.5,83.2,16.9,1334,5537,6871
448,2012-03-23,2012,3,23,Spring,Fri,1,0,cloudy,20.9,20.9,69.7,17.5,2469,5893,8362
=======
447,2012-03-22,2012,3,22,Spring,Thu,1,0,broken,18.5,18.5,83.2,16.9,1334,5537,6871
448,2012-03-23,2012,3,23,Spring,Fri,1,0,broken,20.9,20.9,69.7,17.5,2469,5893,8362
>>>>>>> 1ed2b50761bff6a9d18fc50d8fb144b0850f2594
449,2012-03-24,2012,3,24,Spring,Sat,0,0,rain,16.1,16.1,89.5,25.0,1033,2339,3372
450,2012-03-25,2012,3,25,Spring,Sun,0,0,rain,12.7,12.7,88.6,22.0,1532,3464,4996
451,2012-03-26,2012,3,26,Spring,Mon,1,0,rain,13.3,12.8,47.8,45.2,795,4763,5558
452,2012-03-27,2012,3,27,Spring,Tue,1,0,good,7.0,4.6,29.5,33.9,531,4571,5102
453,2012-03-28,2012,3,28,Spring,Wed,1,0,rain,15.1,14.0,48.0,28.7,674,5024,5698
<<<<<<< HEAD
454,2012-03-29,2012,3,29,Spring,Thu,1,0,good,15.5,15.5,44.1,32.5,834,5299,6133
=======
454,2012-03-29,2012,3,29,Spring,Thu,1,0,cloudy,15.5,15.5,44.1,32.5,834,5299,6133
>>>>>>> 1ed2b50761bff6a9d18fc50d8fb144b0850f2594
455,2012-03-30,2012,3,30,Spring,Fri,1,0,rain,9.3,8.5,58.7,19.6,796,4663,5459
456,2012-03-31,2012,3,31,Spring,Sat,0,0,overcast,12.0,11.6,74.2,30.2,2301,3934,6235
457,2012-04-01,2012,4,1,Spring,Sun,0,0,rain,12.1,11.6,68.2,20.0,2347,3694,6041
458,2012-04-02,2012,4,2,Spring,Mon,1,0,rain,12.6,12.0,52.7,34.3,1208,4728,5936
459,2012-04-03,2012,4,3,Spring,Tue,1,0,rain,14.1,13.9,39.5,16.3,1348,5424,6772
<<<<<<< HEAD
460,2012-04-04,2012,4,4,Spring,Wed,1,0,overcast,17.9,17.9,47.0,27.3,1058,5378,6436
461,2012-04-05,2012,4,5,Spring,Thu,1,0,cloudy,12.6,12.2,37.5,27.6,1192,5265,6457
=======
460,2012-04-04,2012,4,4,Spring,Wed,1,0,broken,17.9,17.9,47.0,27.3,1058,5378,6436
461,2012-04-05,2012,4,5,Spring,Thu,1,0,broken,12.6,12.2,37.5,27.6,1192,5265,6457
>>>>>>> 1ed2b50761bff6a9d18fc50d8fb144b0850f2594
462,2012-04-06,2012,4,6,Spring,Fri,1,0,good,10.9,9.6,38.0,30.5,1807,4653,6460
463,2012-04-07,2012,4,7,Spring,Sat,0,0,good,12.7,11.9,25.8,27.5,3252,3605,6857
464,2012-04-08,2012,4,8,Spring,Sun,0,0,cloudy,15.8,15.7,27.9,29.7,2230,2939,5169
465,2012-04-09,2012,4,9,Spring,Mon,1,0,rain,15.4,15.4,31.7,46.6,905,4680,5585
466,2012-04-10,2012,4,10,Spring,Tue,1,0,cloudy,13.3,12.8,43.0,33.3,819,5099,5918
467,2012-04-11,2012,4,11,Spring,Wed,1,0,rain,8.2,5.9,47.2,28.1,482,4380,4862
468,2012-04-12,2012,4,12,Spring,Thu,1,0,cloudy,10.7,9.4,46.7,29.3,663,4746,5409
469,2012-04-13,2012,4,13,Spring,Fri,1,0,cloudy,12.9,12.3,41.0,17.8,1252,5146,6398
<<<<<<< HEAD
470,2012-04-14,2012,4,14,Spring,Sat,0,0,cloudy,15.7,15.3,49.9,28.3,2795,4665,7460
471,2012-04-15,2012,4,15,Spring,Sun,0,0,overcast,21.4,21.4,50.3,25.3,2846,4286,7132
472,2012-04-16,2012,4,16,Spring,Mon,0,1,cloudy,24.2,24.0,56.1,30.3,1198,5172,6370
473,2012-04-17,2012,4,17,Spring,Tue,1,0,cloudy,21.3,21.3,39.2,32.7,989,5702,6691
=======
470,2012-04-14,2012,4,14,Spring,Sat,0,0,broken,15.7,15.3,49.9,28.3,2795,4665,7460
471,2012-04-15,2012,4,15,Spring,Sun,0,0,overcast,21.4,21.4,50.3,25.3,2846,4286,7132
472,2012-04-16,2012,4,16,Spring,Mon,0,1,cloudy,24.2,24.0,56.1,30.3,1198,5172,6370
473,2012-04-17,2012,4,17,Spring,Tue,1,0,broken,21.3,21.3,39.2,32.7,989,5702,6691
>>>>>>> 1ed2b50761bff6a9d18fc50d8fb144b0850f2594
474,2012-04-18,2012,4,18,Spring,Wed,1,0,rain,13.9,13.9,57.5,19.4,347,4020,4367
475,2012-04-19,2012,4,19,Spring,Thu,1,0,rain,15.7,15.7,62.5,13.7,846,5719,6565
476,2012-04-20,2012,4,20,Spring,Fri,1,0,cloudy,17.1,17.1,69.4,17.9,1340,5950,7290
477,2012-04-21,2012,4,21,Spring,Sat,0,0,rain,19.5,19.5,69.0,38.6,2541,4083,6624
478,2012-04-22,2012,4,22,Spring,Sun,0,0,rain,10.8,9.0,83.3,36.4,120,907,1027
479,2012-04-23,2012,4,23,Spring,Mon,1,0,rain,7.1,3.8,76.6,27.5,195,3019,3214
<<<<<<< HEAD
480,2012-04-24,2012,4,24,Spring,Tue,1,0,overcast,11.5,10.5,46.8,27.5,518,5115,5633
481,2012-04-25,2012,4,25,Spring,Wed,1,0,cloudy,14.5,14.4,43.9,23.3,655,5541,6196
=======
480,2012-04-24,2012,4,24,Spring,Tue,1,0,broken,11.5,10.5,46.8,27.5,518,5115,5633
481,2012-04-25,2012,4,25,Spring,Wed,1,0,broken,14.5,14.4,43.9,23.3,655,5541,6196
>>>>>>> 1ed2b50761bff6a9d18fc50d8fb144b0850f2594
482,2012-04-26,2012,4,26,Spring,Thu,1,0,rain,15.7,15.7,75.9,27.1,475,4551,5026
483,2012-04-27,2012,4,27,Spring,Fri,1,0,rain,13.8,13.7,40.3,34.7,1014,5219,6233
484,2012-04-28,2012,4,28,Spring,Sat,0,0,rain,9.7,8.7,49.6,19.4,1120,3100,4220
485,2012-04-29,2012,4,29,Spring,Sun,0,0,rain,13.8,13.4,59.3,19.9,2229,4075,6304
486,2012-04-30,2012,4,30,Spring,Mon,1,0,overcast,14.1,13.9,58.1,16.6,665,4907,5572
487,2012-05-01,2012,5,1,Spring,Tue,1,0,rain,21.5,21.5,66.6,18.4,653,5087,5740
488,2012-05-02,2012,5,2,Spring,Wed,1,0,rain,19.1,19.1,80.4,16.4,667,5502,6169
489,2012-05-03,2012,5,3,Spring,Thu,1,0,overcast,18.7,18.8,77.6,15.7,764,5657,6421
490,2012-05-04,2012,5,4,Spring,Fri,1,0,rain,22.3,22.4,73.8,24.6,1069,5227,6296
<<<<<<< HEAD
491,2012-05-05,2012,5,5,Spring,Sat,0,0,overcast,21.9,22.0,75.8,24.3,2496,4387,6883
=======
491,2012-05-05,2012,5,5,Spring,Sat,0,0,broken,21.9,22.0,75.8,24.3,2496,4387,6883
>>>>>>> 1ed2b50761bff6a9d18fc50d8fb144b0850f2594
492,2012-05-06,2012,5,6,Spring,Sun,0,0,overcast,19.0,19.0,74.5,17.3,2135,4224,6359
493,2012-05-07,2012,5,7,Spring,Mon,1,0,overcast,17.6,17.6,67.1,24.4,1008,5265,6273
494,2012-05-08,2012,5,8,Spring,Tue,1,0,rain,19.9,19.9,69.2,27.5,738,4990,5728
495,2012-05-09,2012,5,9,Spring,Wed,1,0,rain,19.8,19.8,74.6,29.7,620,4097,4717
496,2012-05-10,2012,5,10,Spring,Thu,1,0,rain,16.2,16.2,55.8,34.7,1026,5546,6572
497,2012-05-11,2012,5,11,Spring,Fri,1,0,good,17.3,17.3,37.3,26.8,1319,5711,7030
<<<<<<< HEAD
498,2012-05-12,2012,5,12,Spring,Sat,0,0,cloudy,19.0,19.0,48.4,12.9,2622,4807,7429
=======
498,2012-05-12,2012,5,12,Spring,Sat,0,0,broken,19.0,19.0,48.4,12.9,2622,4807,7429
>>>>>>> 1ed2b50761bff6a9d18fc50d8fb144b0850f2594
499,2012-05-13,2012,5,13,Spring,Sun,0,0,overcast,21.4,21.4,58.1,26.7,2172,3946,6118
500,2012-05-14,2012,5,14,Spring,Mon,1,0,rain,19.5,19.5,79.3,21.9,342,2501,2843
501,2012-05-15,2012,5,15,Spring,Tue,1,0,rain,21.7,21.7,79.8,17.1,625,4490,5115
502,2012-05-16,2012,5,16,Spring,Wed,1,0,rain,22.7,22.7,69.9,17.3,991,6433,7424
503,2012-05-17,2012,5,17,Spring,Thu,1,0,cloudy,20.5,20.5,53.0,28.7,1242,6142,7384
<<<<<<< HEAD
504,2012-05-18,2012,5,18,Spring,Fri,1,0,cloudy,18.9,18.9,53.2,20.8,1521,6118,7639
505,2012-05-19,2012,5,19,Spring,Sat,0,0,cloudy,20.7,20.5,46.7,11.0,3410,4884,8294
506,2012-05-20,2012,5,20,Spring,Sun,0,0,overcast,21.8,21.8,53.8,26.5,2704,4425,7129
=======
504,2012-05-18,2012,5,18,Spring,Fri,1,0,broken,18.9,18.9,53.2,20.8,1521,6118,7639
505,2012-05-19,2012,5,19,Spring,Sat,0,0,broken,20.7,20.5,46.7,11.0,3410,4884,8294
506,2012-05-20,2012,5,20,Spring,Sun,0,0,broken,21.8,21.8,53.8,26.5,2704,4425,7129
>>>>>>> 1ed2b50761bff6a9d18fc50d8fb144b0850f2594
507,2012-05-21,2012,5,21,Spring,Mon,1,0,rain,20.7,20.7,82.7,23.8,630,3729,4359
508,2012-05-22,2012,5,22,Spring,Tue,1,0,rain,21.6,21.6,77.2,16.0,819,5254,6073
509,2012-05-23,2012,5,23,Spring,Wed,1,0,rain,22.2,22.2,77.7,15.0,766,4494,5260
510,2012-05-24,2012,5,24,Spring,Thu,1,0,rain,23.6,23.8,72.3,23.5,1059,5711,6770
<<<<<<< HEAD
511,2012-05-25,2012,5,25,Spring,Fri,1,0,cloudy,24.9,25.5,75.2,18.0,1417,5317,6734
512,2012-05-26,2012,5,26,Spring,Sat,0,0,cloudy,25.4,26.2,74.0,17.7,2855,3681,6536
=======
511,2012-05-25,2012,5,25,Spring,Fri,1,0,broken,24.9,25.5,75.2,18.0,1417,5317,6734
512,2012-05-26,2012,5,26,Spring,Sat,0,0,broken,25.4,26.2,74.0,17.7,2855,3681,6536
>>>>>>> 1ed2b50761bff6a9d18fc50d8fb144b0850f2594
513,2012-05-27,2012,5,27,Spring,Sun,0,0,rain,25.5,26.1,70.4,20.1,3283,3308,6591
514,2012-05-28,2012,5,28,Spring,Mon,0,1,rain,26.5,28.2,68.1,21.6,2557,3486,6043
515,2012-05-29,2012,5,29,Spring,Tue,1,0,rain,27.2,28.3,68.3,33.1,880,4863,5743
516,2012-05-30,2012,5,30,Spring,Wed,1,0,rain,24.0,24.0,67.8,17.7,745,6110,6855
517,2012-05-31,2012,5,31,Spring,Thu,1,0,cloudy,24.9,24.6,49.6,24.8,1100,6238,7338
518,2012-06-01,2012,6,1,Summer,Fri,1,0,rain,23.3,23.6,75.1,44.5,533,3594,4127
519,2012-06-02,2012,6,2,Summer,Sat,0,0,rain,20.0,20.0,56.3,24.1,2795,5325,8120
<<<<<<< HEAD
520,2012-06-03,2012,6,3,Summer,Sun,0,0,cloudy,20.9,20.9,50.4,24.7,2494,5147,7641
521,2012-06-04,2012,6,4,Summer,Mon,1,0,overcast,20.7,20.7,49.5,32.7,1071,5927,6998
=======
520,2012-06-03,2012,6,3,Summer,Sun,0,0,broken,20.9,20.9,50.4,24.7,2494,5147,7641
521,2012-06-04,2012,6,4,Summer,Mon,1,0,broken,20.7,20.7,49.5,32.7,1071,5927,6998
>>>>>>> 1ed2b50761bff6a9d18fc50d8fb144b0850f2594
522,2012-06-05,2012,6,5,Summer,Tue,1,0,overcast,17.8,17.8,62.0,26.0,968,6033,7001
523,2012-06-06,2012,6,6,Summer,Wed,1,0,rain,18.5,18.5,62.3,19.8,1027,6028,7055
524,2012-06-07,2012,6,7,Summer,Thu,1,0,rain,20.9,20.8,57.5,21.2,1038,6456,7494
525,2012-06-08,2012,6,8,Summer,Fri,1,0,cloudy,23.2,22.9,47.6,25.1,1488,6248,7736
526,2012-06-09,2012,6,9,Summer,Sat,0,0,cloudy,26.3,25.7,44.6,18.4,2708,4790,7498
<<<<<<< HEAD
527,2012-06-10,2012,6,10,Summer,Sun,0,0,good,27.1,26.9,54.3,18.0,2224,4374,6598
528,2012-06-11,2012,6,11,Summer,Mon,1,0,cloudy,26.8,26.9,59.3,26.7,1017,5647,6664
529,2012-06-12,2012,6,12,Summer,Tue,1,0,rain,23.5,23.5,84.2,20.1,477,4495,4972
530,2012-06-13,2012,6,13,Summer,Wed,1,0,rain,23.7,23.6,59.0,36.7,1173,6248,7421
531,2012-06-14,2012,6,14,Summer,Thu,1,0,overcast,23.2,23.3,57.2,26.2,1180,6183,7363
532,2012-06-15,2012,6,15,Summer,Fri,1,0,cloudy,22.7,22.6,59.6,17.2,1563,6102,7665
533,2012-06-16,2012,6,16,Summer,Sat,0,0,cloudy,22.3,22.2,51.2,19.9,2963,4739,7702
534,2012-06-17,2012,6,17,Summer,Sun,0,0,overcast,20.4,20.4,61.0,19.8,2634,4344,6978
535,2012-06-18,2012,6,18,Summer,Mon,1,0,rain,19.3,19.3,78.2,15.7,653,4446,5099
536,2012-06-19,2012,6,19,Summer,Tue,1,0,overcast,25.2,26.2,70.2,15.6,968,5857,6825
537,2012-06-20,2012,6,20,Summer,Wed,1,0,cloudy,29.9,31.2,59.7,16.3,872,5339,6211
538,2012-06-21,2012,6,21,Summer,Thu,1,0,cloudy,31.0,32.6,57.4,14.6,778,5127,5905
539,2012-06-22,2012,6,22,Summer,Fri,1,0,rain,29.6,31.4,59.1,31.8,964,4859,5823
540,2012-06-23,2012,6,23,Summer,Sat,0,0,cloudy,27.3,27.0,54.1,22.0,2657,4801,7458
541,2012-06-24,2012,6,24,Summer,Sun,0,0,overcast,27.8,27.7,48.7,20.0,2551,4340,6891
542,2012-06-25,2012,6,25,Summer,Mon,1,0,cloudy,26.7,26.5,51.1,31.3,1139,5640,6779
543,2012-06-26,2012,6,26,Summer,Tue,1,0,good,22.4,22.3,37.4,32.2,1077,6365,7442
544,2012-06-27,2012,6,27,Summer,Wed,1,0,good,25.6,25.0,37.0,31.4,1077,6258,7335
545,2012-06-28,2012,6,28,Summer,Thu,1,0,cloudy,28.2,27.8,42.9,21.8,921,5958,6879
546,2012-06-29,2012,6,29,Summer,Fri,1,0,rain,32.2,34.8,50.0,45.9,829,4634,5463
547,2012-06-30,2012,6,30,Summer,Sat,0,0,rain,28.8,29.6,60.3,16.0,1455,4232,5687
548,2012-07-01,2012,7,1,Summer,Sun,0,0,cloudy,31.5,32.9,53.2,24.1,1421,4110,5531
549,2012-07-02,2012,7,2,Summer,Mon,1,0,cloudy,30.1,30.2,44.7,27.4,904,5323,6227
=======
527,2012-06-10,2012,6,10,Summer,Sun,0,0,cloudy,27.1,26.9,54.3,18.0,2224,4374,6598
528,2012-06-11,2012,6,11,Summer,Mon,1,0,broken,26.8,26.9,59.3,26.7,1017,5647,6664
529,2012-06-12,2012,6,12,Summer,Tue,1,0,rain,23.5,23.5,84.2,20.1,477,4495,4972
530,2012-06-13,2012,6,13,Summer,Wed,1,0,rain,23.7,23.6,59.0,36.7,1173,6248,7421
531,2012-06-14,2012,6,14,Summer,Thu,1,0,overcast,23.2,23.3,57.2,26.2,1180,6183,7363
532,2012-06-15,2012,6,15,Summer,Fri,1,0,broken,22.7,22.6,59.6,17.2,1563,6102,7665
533,2012-06-16,2012,6,16,Summer,Sat,0,0,broken,22.3,22.2,51.2,19.9,2963,4739,7702
534,2012-06-17,2012,6,17,Summer,Sun,0,0,broken,20.4,20.4,61.0,19.8,2634,4344,6978
535,2012-06-18,2012,6,18,Summer,Mon,1,0,rain,19.3,19.3,78.2,15.7,653,4446,5099
536,2012-06-19,2012,6,19,Summer,Tue,1,0,broken,25.2,26.2,70.2,15.6,968,5857,6825
537,2012-06-20,2012,6,20,Summer,Wed,1,0,broken,29.9,31.2,59.7,16.3,872,5339,6211
538,2012-06-21,2012,6,21,Summer,Thu,1,0,cloudy,31.0,32.6,57.4,14.6,778,5127,5905
539,2012-06-22,2012,6,22,Summer,Fri,1,0,rain,29.6,31.4,59.1,31.8,964,4859,5823
540,2012-06-23,2012,6,23,Summer,Sat,0,0,broken,27.3,27.0,54.1,22.0,2657,4801,7458
541,2012-06-24,2012,6,24,Summer,Sun,0,0,broken,27.8,27.7,48.7,20.0,2551,4340,6891
542,2012-06-25,2012,6,25,Summer,Mon,1,0,broken,26.7,26.5,51.1,31.3,1139,5640,6779
543,2012-06-26,2012,6,26,Summer,Tue,1,0,cloudy,22.4,22.3,37.4,32.2,1077,6365,7442
544,2012-06-27,2012,6,27,Summer,Wed,1,0,cloudy,25.6,25.0,37.0,31.4,1077,6258,7335
545,2012-06-28,2012,6,28,Summer,Thu,1,0,cloudy,28.2,27.8,42.9,21.8,921,5958,6879
546,2012-06-29,2012,6,29,Summer,Fri,1,0,rain,32.2,34.8,50.0,45.9,829,4634,5463
547,2012-06-30,2012,6,30,Summer,Sat,0,0,rain,28.8,29.6,60.3,16.0,1455,4232,5687
548,2012-07-01,2012,7,1,Summer,Sun,0,0,broken,31.5,32.9,53.2,24.1,1421,4110,5531
549,2012-07-02,2012,7,2,Summer,Mon,1,0,broken,30.1,30.2,44.7,27.4,904,5323,6227
>>>>>>> 1ed2b50761bff6a9d18fc50d8fb144b0850f2594
550,2012-07-03,2012,7,3,Summer,Tue,1,0,rain,30.0,30.1,48.8,17.9,1052,5608,6660
551,2012-07-04,2012,7,4,Summer,Wed,0,1,rain,30.0,31.5,56.4,20.0,2562,4841,7403
552,2012-07-05,2012,7,5,Summer,Thu,1,0,overcast,32.2,33.8,45.9,23.9,1405,4836,6241
553,2012-07-06,2012,7,6,Summer,Fri,1,0,cloudy,32.2,33.3,45.1,15.8,1366,4841,6207
<<<<<<< HEAD
554,2012-07-07,2012,7,7,Summer,Sat,0,0,cloudy,33.8,36.8,49.9,24.0,1448,3392,4840
=======
554,2012-07-07,2012,7,7,Summer,Sat,0,0,broken,33.8,36.8,49.9,24.0,1448,3392,4840
>>>>>>> 1ed2b50761bff6a9d18fc50d8fb144b0850f2594
555,2012-07-08,2012,7,8,Summer,Sun,0,0,rain,32.4,36.4,56.5,20.3,1203,3469,4672
556,2012-07-09,2012,7,9,Summer,Mon,1,0,rain,26.4,26.8,69.6,25.0,998,5571,6569
557,2012-07-10,2012,7,10,Summer,Tue,1,0,rain,27.1,27.5,65.8,27.0,954,5336,6290
558,2012-07-11,2012,7,11,Summer,Wed,1,0,rain,26.6,26.7,64.4,16.4,975,6289,7264
559,2012-07-12,2012,7,12,Summer,Thu,1,0,overcast,26.6,26.5,53.9,15.7,1032,6414,7446
560,2012-07-13,2012,7,13,Summer,Fri,1,0,overcast,27.3,27.3,49.7,14.4,1511,5988,7499
561,2012-07-14,2012,7,14,Summer,Sat,0,0,rain,26.2,27.1,68.4,24.5,2355,4614,6969
562,2012-07-15,2012,7,15,Summer,Sun,0,0,rain,28.2,29.7,71.3,22.4,1920,4111,6031
563,2012-07-16,2012,7,16,Summer,Mon,1,0,rain,29.2,31.3,63.4,19.5,1088,5742,6830
<<<<<<< HEAD
564,2012-07-17,2012,7,17,Summer,Tue,1,0,overcast,31.6,33.1,51.7,16.4,921,5865,6786
565,2012-07-18,2012,7,18,Summer,Wed,1,0,overcast,30.8,33.3,57.2,39.4,799,4914,5713
=======
564,2012-07-17,2012,7,17,Summer,Tue,1,0,broken,31.6,33.1,51.7,16.4,921,5865,6786
565,2012-07-18,2012,7,18,Summer,Wed,1,0,broken,30.8,33.3,57.2,39.4,799,4914,5713
>>>>>>> 1ed2b50761bff6a9d18fc50d8fb144b0850f2594
566,2012-07-19,2012,7,19,Summer,Thu,1,0,rain,29.8,31.8,58.2,17.5,888,5703,6591
567,2012-07-20,2012,7,20,Summer,Fri,1,0,rain,24.4,24.6,84.3,26.2,747,5123,5870
568,2012-07-21,2012,7,21,Summer,Sat,0,0,rain,20.7,20.7,87.5,21.0,1264,3195,4459
569,2012-07-22,2012,7,22,Summer,Sun,0,0,rain,24.0,24.4,77.6,14.1,2544,4866,7410
570,2012-07-23,2012,7,23,Summer,Mon,1,0,overcast,27.8,29.3,70.3,15.8,1135,5831,6966
<<<<<<< HEAD
571,2012-07-24,2012,7,24,Summer,Tue,1,0,cloudy,28.4,30.2,65.8,22.2,1140,6452,7592
572,2012-07-25,2012,7,25,Summer,Wed,1,0,good,27.1,26.6,45.6,21.6,1383,6790,8173
=======
571,2012-07-24,2012,7,24,Summer,Tue,1,0,broken,28.4,30.2,65.8,22.2,1140,6452,7592
572,2012-07-25,2012,7,25,Summer,Wed,1,0,cloudy,27.1,26.6,45.6,21.6,1383,6790,8173
>>>>>>> 1ed2b50761bff6a9d18fc50d8fb144b0850f2594
573,2012-07-26,2012,7,26,Summer,Thu,1,0,rain,29.6,32.0,60.3,26.9,1036,5825,6861
574,2012-07-27,2012,7,27,Summer,Fri,1,0,rain,29.7,31.3,60.4,23.0,1259,5645,6904
575,2012-07-28,2012,7,28,Summer,Sat,0,0,rain,29.0,30.2,60.6,27.7,2234,4451,6685
576,2012-07-29,2012,7,29,Summer,Sun,0,0,cloudy,26.8,27.3,63.6,21.3,2153,4444,6597
<<<<<<< HEAD
577,2012-07-30,2012,7,30,Summer,Mon,1,0,cloudy,27.1,28.0,67.8,26.4,1040,6065,7105
578,2012-07-31,2012,7,31,Summer,Tue,1,0,rain,26.6,27.3,69.9,18.2,968,6248,7216
579,2012-08-01,2012,8,1,Summer,Wed,1,0,rain,26.6,27.5,68.8,17.6,1074,6506,7580
580,2012-08-02,2012,8,2,Summer,Thu,1,0,rain,28.3,30.1,67.0,29.1,983,6278,7261
581,2012-08-03,2012,8,3,Summer,Fri,1,0,cloudy,29.0,31.0,64.5,19.8,1328,5847,7175
=======
577,2012-07-30,2012,7,30,Summer,Mon,1,0,broken,27.1,28.0,67.8,26.4,1040,6065,7105
578,2012-07-31,2012,7,31,Summer,Tue,1,0,rain,26.6,27.3,69.9,18.2,968,6248,7216
579,2012-08-01,2012,8,1,Summer,Wed,1,0,rain,26.6,27.5,68.8,17.6,1074,6506,7580
580,2012-08-02,2012,8,2,Summer,Thu,1,0,rain,28.3,30.1,67.0,29.1,983,6278,7261
581,2012-08-03,2012,8,3,Summer,Fri,1,0,broken,29.0,31.0,64.5,19.8,1328,5847,7175
>>>>>>> 1ed2b50761bff6a9d18fc50d8fb144b0850f2594
582,2012-08-04,2012,8,4,Summer,Sat,0,0,cloudy,30.4,32.9,62.4,26.5,2345,4479,6824
583,2012-08-05,2012,8,5,Summer,Sun,0,0,rain,29.4,31.4,65.3,34.5,1707,3757,5464
584,2012-08-06,2012,8,6,Summer,Mon,1,0,rain,28.3,29.4,66.7,14.2,1233,5780,7013
585,2012-08-07,2012,8,7,Summer,Tue,1,0,overcast,27.5,28.8,71.2,17.4,1278,5995,7273
586,2012-08-08,2012,8,8,Summer,Wed,1,0,overcast,28.2,29.6,69.0,17.8,1263,6271,7534
587,2012-08-09,2012,8,9,Summer,Thu,1,0,rain,28.8,29.6,62.6,28.9,1196,6090,7286
588,2012-08-10,2012,8,10,Summer,Fri,1,0,rain,26.5,27.5,72.2,28.2,1065,4721,5786
589,2012-08-11,2012,8,11,Summer,Sat,0,0,rain,25.8,26.4,72.2,23.4,2247,4052,6299
590,2012-08-12,2012,8,12,Summer,Sun,0,0,overcast,25.8,25.6,55.5,14.8,2182,4362,6544
591,2012-08-13,2012,8,13,Summer,Mon,1,0,overcast,26.7,26.7,55.6,21.5,1207,5676,6883
592,2012-08-14,2012,8,14,Summer,Tue,1,0,rain,27.0,27.9,69.5,17.9,1128,5656,6784
593,2012-08-15,2012,8,15,Summer,Wed,1,0,rain,26.3,26.8,62.7,20.1,1198,6149,7347
594,2012-08-16,2012,8,16,Summer,Thu,1,0,good,26.7,26.4,53.2,21.3,1338,6267,7605
595,2012-08-17,2012,8,17,Summer,Fri,1,0,rain,27.1,27.2,56.6,30.6,1483,5665,7148
596,2012-08-18,2012,8,18,Summer,Sat,0,0,rain,24.8,24.6,61.5,17.5,2827,5038,7865
597,2012-08-19,2012,8,19,Summer,Sun,0,0,rain,22.6,22.6,72.3,12.1,1208,3341,4549
598,2012-08-20,2012,8,20,Summer,Mon,1,0,rain,22.8,22.8,73.2,17.9,1026,5504,6530
599,2012-08-21,2012,8,21,Summer,Tue,1,0,rain,23.2,23.2,68.0,17.4,1081,5925,7006
600,2012-08-22,2012,8,22,Summer,Wed,1,0,rain,24.0,24.1,69.4,35.6,1094,6281,7375
<<<<<<< HEAD
601,2012-08-23,2012,8,23,Summer,Thu,1,0,overcast,25.5,25.6,65.0,14.6,1363,6402,7765
=======
601,2012-08-23,2012,8,23,Summer,Thu,1,0,broken,25.5,25.6,65.0,14.6,1363,6402,7765
>>>>>>> 1ed2b50761bff6a9d18fc50d8fb144b0850f2594
602,2012-08-24,2012,8,24,Summer,Fri,1,0,overcast,25.9,26.1,62.3,14.1,1325,6257,7582
603,2012-08-25,2012,8,25,Summer,Sat,0,0,rain,24.0,24.1,72.1,29.8,1829,4224,6053
604,2012-08-26,2012,8,26,Summer,Sun,0,0,rain,23.5,23.7,84.8,23.2,1483,3772,5255
605,2012-08-27,2012,8,27,Summer,Mon,1,0,rain,25.8,26.7,74.0,20.0,989,5928,6917
606,2012-08-28,2012,8,28,Summer,Tue,1,0,rain,27.3,27.4,63.8,24.6,935,6105,7040
607,2012-08-29,2012,8,29,Summer,Wed,1,0,cloudy,25.0,24.9,56.5,14.5,1177,6520,7697
608,2012-08-30,2012,8,30,Summer,Thu,1,0,cloudy,25.9,26.1,59.8,13.4,1172,6541,7713
609,2012-08-31,2012,8,31,Summer,Fri,1,0,rain,29.0,29.3,59.4,21.8,1433,5917,7350
610,2012-09-01,2012,9,1,Autumn,Sat,0,0,rain,28.7,30.4,62.9,18.0,2352,3788,6140
611,2012-09-02,2012,9,2,Autumn,Sun,0,0,rain,25.7,26.7,81.6,10.8,2613,3197,5810
612,2012-09-03,2012,9,3,Autumn,Mon,0,1,rain,26.2,27.2,79.3,19.9,1965,4069,6034
613,2012-09-04,2012,9,4,Autumn,Tue,1,0,overcast,27.2,28.9,76.1,31.2,867,5997,6864
614,2012-09-05,2012,9,5,Autumn,Wed,1,0,rain,27.7,29.7,73.9,20.7,832,6280,7112
615,2012-09-06,2012,9,6,Autumn,Thu,1,0,rain,25.7,26.3,81.8,16.2,611,5592,6203
616,2012-09-07,2012,9,7,Autumn,Fri,1,0,good,26.0,27.1,73.7,21.8,1045,6459,7504
617,2012-09-08,2012,9,8,Autumn,Sat,0,0,rain,24.4,25.0,79.4,46.9,1557,4419,5976
618,2012-09-09,2012,9,9,Autumn,Sun,0,0,cloudy,21.4,21.4,56.5,20.1,2570,5657,8227
619,2012-09-10,2012,9,10,Autumn,Mon,1,0,good,20.0,20.0,50.9,25.1,1118,6407,7525
620,2012-09-11,2012,9,11,Autumn,Tue,1,0,good,19.6,19.6,52.3,12.1,1070,6697,7767
621,2012-09-12,2012,9,12,Autumn,Wed,1,0,good,20.6,20.6,58.9,19.5,1050,6820,7870
622,2012-09-13,2012,9,13,Autumn,Thu,1,0,rain,21.3,21.3,64.2,15.4,1054,6750,7804
<<<<<<< HEAD
623,2012-09-14,2012,9,14,Autumn,Fri,1,0,cloudy,22.3,22.4,67.8,14.2,1379,6630,8009
624,2012-09-15,2012,9,15,Autumn,Sat,0,0,cloudy,21.4,21.4,51.5,34.7,3160,5554,8714
625,2012-09-16,2012,9,16,Autumn,Sun,0,0,overcast,19.6,19.6,57.7,11.0,2166,5167,7333
626,2012-09-17,2012,9,17,Autumn,Mon,1,0,rain,19.6,19.6,73.4,17.9,1022,5847,6869
627,2012-09-18,2012,9,18,Autumn,Tue,1,0,rain,22.5,22.5,86.5,45.9,371,3702,4073
628,2012-09-19,2012,9,19,Autumn,Wed,1,0,rain,18.6,18.6,55.1,29.9,788,6803,7591
629,2012-09-20,2012,9,20,Autumn,Thu,1,0,cloudy,17.9,17.9,62.8,15.6,939,6781,7720
630,2012-09-21,2012,9,21,Autumn,Fri,1,0,good,20.5,20.5,67.8,20.0,1250,6917,8167
631,2012-09-22,2012,9,22,Autumn,Sat,0,0,cloudy,23.4,23.5,65.6,23.2,2512,5883,8395
632,2012-09-23,2012,9,23,Autumn,Sun,0,0,good,17.5,17.5,46.8,24.8,2454,5453,7907
=======
623,2012-09-14,2012,9,14,Autumn,Fri,1,0,broken,22.3,22.4,67.8,14.2,1379,6630,8009
624,2012-09-15,2012,9,15,Autumn,Sat,0,0,broken,21.4,21.4,51.5,34.7,3160,5554,8714
625,2012-09-16,2012,9,16,Autumn,Sun,0,0,broken,19.6,19.6,57.7,11.0,2166,5167,7333
626,2012-09-17,2012,9,17,Autumn,Mon,1,0,rain,19.6,19.6,73.4,17.9,1022,5847,6869
627,2012-09-18,2012,9,18,Autumn,Tue,1,0,rain,22.5,22.5,86.5,45.9,371,3702,4073
628,2012-09-19,2012,9,19,Autumn,Wed,1,0,rain,18.6,18.6,55.1,29.9,788,6803,7591
629,2012-09-20,2012,9,20,Autumn,Thu,1,0,broken,17.9,17.9,62.8,15.6,939,6781,7720
630,2012-09-21,2012,9,21,Autumn,Fri,1,0,cloudy,20.5,20.5,67.8,20.0,1250,6917,8167
631,2012-09-22,2012,9,22,Autumn,Sat,0,0,cloudy,23.4,23.5,65.6,23.2,2512,5883,8395
632,2012-09-23,2012,9,23,Autumn,Sun,0,0,cloudy,17.5,17.5,46.8,24.8,2454,5453,7907
>>>>>>> 1ed2b50761bff6a9d18fc50d8fb144b0850f2594
633,2012-09-24,2012,9,24,Autumn,Mon,1,0,cloudy,16.5,16.5,50.2,20.1,1001,6435,7436
634,2012-09-25,2012,9,25,Autumn,Tue,1,0,rain,18.0,18.0,58.0,22.0,845,6693,7538
635,2012-09-26,2012,9,26,Autumn,Wed,1,0,rain,22.8,22.8,62.1,22.2,787,6946,7733
636,2012-09-27,2012,9,27,Autumn,Thu,1,0,rain,23.4,23.5,68.4,21.2,751,6642,7393
637,2012-09-28,2012,9,28,Autumn,Fri,1,0,rain,21.9,21.9,71.2,19.3,1045,6370,7415
638,2012-09-29,2012,9,29,Autumn,Sat,0,0,rain,17.9,17.9,56.0,22.6,2589,5966,8555
<<<<<<< HEAD
639,2012-09-30,2012,9,30,Autumn,Sun,0,0,cloudy,17.1,17.1,58.8,29.1,2015,4874,6889
640,2012-10-01,2012,10,1,Autumn,Mon,1,0,overcast,16.8,16.8,65.8,16.0,763,6015,6778
=======
639,2012-09-30,2012,9,30,Autumn,Sun,0,0,broken,17.1,17.1,58.8,29.1,2015,4874,6889
640,2012-10-01,2012,10,1,Autumn,Mon,1,0,broken,16.8,16.8,65.8,16.0,763,6015,6778
>>>>>>> 1ed2b50761bff6a9d18fc50d8fb144b0850f2594
641,2012-10-02,2012,10,2,Autumn,Tue,1,0,rain,20.3,20.3,87.8,12.4,315,4324,4639
642,2012-10-03,2012,10,3,Autumn,Wed,1,0,rain,23.7,23.9,81.1,12.7,728,6844,7572
643,2012-10-04,2012,10,4,Autumn,Thu,1,0,rain,23.8,23.8,74.3,21.4,891,6437,7328
644,2012-10-05,2012,10,5,Autumn,Fri,1,0,good,21.6,21.6,62.2,17.4,1516,6640,8156
645,2012-10-06,2012,10,6,Autumn,Sat,0,0,cloudy,18.8,18.8,67.3,34.4,3031,4934,7965
646,2012-10-07,2012,10,7,Autumn,Sun,0,0,rain,11.7,11.6,71.5,15.3,781,2729,3510
647,2012-10-08,2012,10,8,Autumn,Mon,0,1,rain,9.9,9.0,73.0,17.4,874,4604,5478
648,2012-10-09,2012,10,9,Autumn,Tue,1,0,rain,12.9,12.2,76.7,17.4,601,5791,6392
649,2012-10-10,2012,10,10,Autumn,Wed,1,0,rain,16.7,16.7,64.7,37.1,780,6911,7691
650,2012-10-11,2012,10,11,Autumn,Thu,1,0,good,12.6,12.2,47.0,24.9,834,6736,7570
651,2012-10-12,2012,10,12,Autumn,Fri,1,0,good,12.7,12.5,55.3,31.4,1060,6222,7282
652,2012-10-13,2012,10,13,Autumn,Sat,0,0,cloudy,10.2,9.4,50.6,13.7,2252,4857,7109
<<<<<<< HEAD
653,2012-10-14,2012,10,14,Autumn,Sun,0,0,cloudy,16.7,16.7,63.7,29.0,2080,4559,6639
654,2012-10-15,2012,10,15,Autumn,Mon,1,0,rain,19.3,19.3,71.6,25.4,760,5115,5875
655,2012-10-16,2012,10,16,Autumn,Tue,1,0,cloudy,14.3,14.3,56.3,26.9,922,6612,7534
656,2012-10-17,2012,10,17,Autumn,Wed,1,0,cloudy,13.4,13.4,69.2,16.0,979,6482,7461
657,2012-10-18,2012,10,18,Autumn,Thu,1,0,cloudy,16.7,16.7,73.4,23.8,1008,6501,7509
=======
653,2012-10-14,2012,10,14,Autumn,Sun,0,0,broken,16.7,16.7,63.7,29.0,2080,4559,6639
654,2012-10-15,2012,10,15,Autumn,Mon,1,0,rain,19.3,19.3,71.6,25.4,760,5115,5875
655,2012-10-16,2012,10,16,Autumn,Tue,1,0,cloudy,14.3,14.3,56.3,26.9,922,6612,7534
656,2012-10-17,2012,10,17,Autumn,Wed,1,0,cloudy,13.4,13.4,69.2,16.0,979,6482,7461
657,2012-10-18,2012,10,18,Autumn,Thu,1,0,broken,16.7,16.7,73.4,23.8,1008,6501,7509
>>>>>>> 1ed2b50761bff6a9d18fc50d8fb144b0850f2594
658,2012-10-19,2012,10,19,Autumn,Fri,1,0,rain,19.1,19.1,82.1,21.4,753,4671,5424
659,2012-10-20,2012,10,20,Autumn,Sat,0,0,rain,15.1,15.1,59.2,17.8,2806,5284,8090
660,2012-10-21,2012,10,21,Autumn,Sun,0,0,good,13.9,13.8,52.0,22.3,2132,4692,6824
661,2012-10-22,2012,10,22,Autumn,Mon,1,0,good,15.0,15.0,56.7,12.4,830,6228,7058
<<<<<<< HEAD
662,2012-10-23,2012,10,23,Autumn,Tue,1,0,overcast,17.9,17.9,64.7,14.0,841,6625,7466
663,2012-10-24,2012,10,24,Autumn,Wed,1,0,rain,20.1,20.1,64.4,15.1,795,6898,7693
664,2012-10-25,2012,10,25,Autumn,Thu,1,0,overcast,18.4,18.4,80.0,12.7,875,6484,7359
=======
662,2012-10-23,2012,10,23,Autumn,Tue,1,0,broken,17.9,17.9,64.7,14.0,841,6625,7466
663,2012-10-24,2012,10,24,Autumn,Wed,1,0,rain,20.1,20.1,64.4,15.1,795,6898,7693
664,2012-10-25,2012,10,25,Autumn,Thu,1,0,broken,18.4,18.4,80.0,12.7,875,6484,7359
>>>>>>> 1ed2b50761bff6a9d18fc50d8fb144b0850f2594
665,2012-10-26,2012,10,26,Autumn,Fri,1,0,overcast,18.2,18.2,81.1,12.8,1182,6262,7444
666,2012-10-27,2012,10,27,Autumn,Sat,0,0,overcast,17.3,17.3,73.1,19.6,2643,5209,7852
667,2012-10-28,2012,10,28,Autumn,Sun,0,0,rain,14.9,14.9,68.8,35.1,998,3461,4459
668,2012-10-29,2012,10,29,Autumn,Mon,1,0,rain,10.7,9.1,86.0,60.7,2,20,22
669,2012-10-30,2012,10,30,Autumn,Tue,1,0,rain,6.2,2.6,85.5,37.4,87,1009,1096
670,2012-10-31,2012,10,31,Autumn,Wed,1,0,rain,8.6,7.5,69.2,17.8,419,5147,5566
671,2012-11-01,2012,11,1,Autumn,Thu,1,0,overcast,9.2,8.2,58.6,16.4,466,5520,5986
672,2012-11-02,2012,11,2,Autumn,Fri,1,0,overcast,8.7,7.0,52.7,32.9,618,5229,5847
673,2012-11-03,2012,11,3,Autumn,Sat,0,0,overcast,8.1,5.2,49.4,31.3,1029,4109,5138
<<<<<<< HEAD
674,2012-11-04,2012,11,4,Autumn,Sun,0,0,cloudy,7.0,5.3,54.5,23.4,1201,3906,5107
675,2012-11-05,2012,11,5,Autumn,Mon,1,0,cloudy,6.7,3.9,49.9,21.9,378,4881,5259
676,2012-11-06,2012,11,6,Autumn,Tue,1,0,overcast,4.8,2.3,57.7,19.4,466,5220,5686
=======
674,2012-11-04,2012,11,4,Autumn,Sun,0,0,broken,7.0,5.3,54.5,23.4,1201,3906,5107
675,2012-11-05,2012,11,5,Autumn,Mon,1,0,broken,6.7,3.9,49.9,21.9,378,4881,5259
676,2012-11-06,2012,11,6,Autumn,Tue,1,0,broken,4.8,2.3,57.7,19.4,466,5220,5686
>>>>>>> 1ed2b50761bff6a9d18fc50d8fb144b0850f2594
677,2012-11-07,2012,11,7,Autumn,Wed,1,0,rain,5.7,1.9,55.4,25.1,326,4709,5035
678,2012-11-08,2012,11,8,Autumn,Thu,1,0,rain,8.3,5.8,34.4,37.9,340,4975,5315
679,2012-11-09,2012,11,9,Autumn,Fri,1,0,good,8.9,7.4,54.6,27.1,709,5283,5992
680,2012-11-10,2012,11,10,Autumn,Sat,0,0,cloudy,10.3,9.9,64.8,12.4,2090,4446,6536
681,2012-11-11,2012,11,11,Autumn,Sun,0,1,good,11.9,11.6,66.4,15.0,2290,4562,6852
682,2012-11-12,2012,11,12,Autumn,Mon,0,1,rain,15.2,15.2,74.4,18.6,1097,5172,6269
683,2012-11-13,2012,11,13,Autumn,Tue,1,0,rain,8.1,5.0,66.6,40.1,327,3767,4094
684,2012-11-14,2012,11,14,Autumn,Wed,1,0,cloudy,5.2,2.5,55.9,25.0,373,5122,5495
685,2012-11-15,2012,11,15,Autumn,Thu,1,0,overcast,6.9,5.0,62.6,15.8,320,5125,5445
<<<<<<< HEAD
686,2012-11-16,2012,11,16,Autumn,Fri,1,0,cloudy,8.0,6.5,53.6,17.9,484,5214,5698
687,2012-11-17,2012,11,17,Autumn,Sat,0,0,good,7.0,5.2,54.9,19.8,1313,4316,5629
=======
686,2012-11-16,2012,11,16,Autumn,Fri,1,0,broken,8.0,6.5,53.6,17.9,484,5214,5698
687,2012-11-17,2012,11,17,Autumn,Sat,0,0,cloudy,7.0,5.2,54.9,19.8,1313,4316,5629
>>>>>>> 1ed2b50761bff6a9d18fc50d8fb144b0850f2594
688,2012-11-18,2012,11,18,Autumn,Sun,0,0,overcast,8.0,6.0,70.0,21.6,922,3747,4669
689,2012-11-19,2012,11,19,Autumn,Mon,1,0,overcast,9.8,8.3,63.1,19.6,449,5050,5499
690,2012-11-20,2012,11,20,Autumn,Tue,1,0,rain,9.6,8.9,68.7,12.6,534,5100,5634
691,2012-11-21,2012,11,21,Autumn,Wed,1,0,good,8.4,7.7,62.1,14.6,615,4531,5146
692,2012-11-22,2012,11,22,Autumn,Thu,0,1,good,7.7,7.0,58.4,9.0,955,1470,2425
693,2012-11-23,2012,11,23,Autumn,Fri,1,0,rain,9.2,9.0,57.1,35.1,1603,2307,3910
<<<<<<< HEAD
694,2012-11-24,2012,11,24,Autumn,Sat,0,0,overcast,4.8,0.5,40.7,40.5,532,1745,2277
695,2012-11-25,2012,11,25,Autumn,Sun,0,0,cloudy,3.0,0.6,47.7,23.2,309,2115,2424
696,2012-11-26,2012,11,26,Autumn,Mon,1,0,good,6.4,6.2,53.9,19.7,337,4750,5087
697,2012-11-27,2012,11,27,Autumn,Tue,1,0,rain,5.4,2.3,79.9,25.1,123,3836,3959
698,2012-11-28,2012,11,28,Autumn,Wed,1,0,cloudy,5.6,2.8,51.1,25.9,198,5062,5260
699,2012-11-29,2012,11,29,Autumn,Thu,1,0,good,4.6,3.3,56.6,17.6,243,5080,5323
700,2012-11-30,2012,11,30,Autumn,Fri,1,0,overcast,5.7,5.3,65.8,12.1,362,5306,5668
701,2012-12-01,2012,12,1,Winter,Sat,0,0,cloudy,5.6,4.9,81.4,16.0,951,4240,5191
702,2012-12-02,2012,12,2,Winter,Sun,0,0,rain,8.3,7.9,82.4,16.8,892,3757,4649
703,2012-12-03,2012,12,3,Winter,Mon,1,0,overcast,13.6,13.6,76.7,12.5,555,5679,6234
704,2012-12-04,2012,12,4,Winter,Tue,1,0,overcast,14.9,14.9,73.2,19.8,551,6055,6606
705,2012-12-05,2012,12,5,Winter,Wed,1,0,rain,12.8,12.0,48.8,32.5,331,5398,5729
706,2012-12-06,2012,12,6,Winter,Thu,1,0,cloudy,3.6,0.8,51.8,19.2,340,5035,5375
=======
694,2012-11-24,2012,11,24,Autumn,Sat,0,0,broken,4.8,0.5,40.7,40.5,532,1745,2277
695,2012-11-25,2012,11,25,Autumn,Sun,0,0,broken,3.0,0.6,47.7,23.2,309,2115,2424
696,2012-11-26,2012,11,26,Autumn,Mon,1,0,cloudy,6.4,6.2,53.9,19.7,337,4750,5087
697,2012-11-27,2012,11,27,Autumn,Tue,1,0,rain,5.4,2.3,79.9,25.1,123,3836,3959
698,2012-11-28,2012,11,28,Autumn,Wed,1,0,broken,5.6,2.8,51.1,25.9,198,5062,5260
699,2012-11-29,2012,11,29,Autumn,Thu,1,0,good,4.6,3.3,56.6,17.6,243,5080,5323
700,2012-11-30,2012,11,30,Autumn,Fri,1,0,overcast,5.7,5.3,65.8,12.1,362,5306,5668
701,2012-12-01,2012,12,1,Winter,Sat,0,0,broken,5.6,4.9,81.4,16.0,951,4240,5191
702,2012-12-02,2012,12,2,Winter,Sun,0,0,rain,8.3,7.9,82.4,16.8,892,3757,4649
703,2012-12-03,2012,12,3,Winter,Mon,1,0,broken,13.6,13.6,76.7,12.5,555,5679,6234
704,2012-12-04,2012,12,4,Winter,Tue,1,0,overcast,14.9,14.9,73.2,19.8,551,6055,6606
705,2012-12-05,2012,12,5,Winter,Wed,1,0,rain,12.8,12.0,48.8,32.5,331,5398,5729
706,2012-12-06,2012,12,6,Winter,Thu,1,0,broken,3.6,0.8,51.8,19.2,340,5035,5375
>>>>>>> 1ed2b50761bff6a9d18fc50d8fb144b0850f2594
707,2012-12-07,2012,12,7,Winter,Fri,1,0,rain,6.9,5.1,76.7,16.0,349,4659,5008
708,2012-12-08,2012,12,8,Winter,Sat,0,0,rain,10.1,9.7,91.8,17.5,1153,4429,5582
709,2012-12-09,2012,12,9,Winter,Sun,0,0,rain,10.1,9.6,91.8,20.6,441,2787,3228
710,2012-12-10,2012,12,10,Winter,Mon,1,0,rain,13.0,12.9,92.6,18.5,329,4841,5170
711,2012-12-11,2012,12,11,Winter,Tue,1,0,rain,8.8,6.3,60.0,29.8,282,5219,5501
712,2012-12-12,2012,12,12,Winter,Wed,1,0,overcast,5.7,3.3,54.8,17.2,310,5009,5319
<<<<<<< HEAD
713,2012-12-13,2012,12,13,Winter,Thu,1,0,good,5.5,3.3,49.6,17.6,425,5107,5532
=======
713,2012-12-13,2012,12,13,Winter,Thu,1,0,cloudy,5.5,3.3,49.6,17.6,425,5107,5532
>>>>>>> 1ed2b50761bff6a9d18fc50d8fb144b0850f2594
714,2012-12-14,2012,12,14,Winter,Fri,1,0,good,4.7,3.4,64.8,14.2,429,5182,5611
715,2012-12-15,2012,12,15,Winter,Sat,0,0,overcast,7.0,6.2,65.0,15.8,767,4280,5047
716,2012-12-16,2012,12,16,Winter,Sun,0,0,rain,9.0,8.1,84.5,12.9,538,3248,3786
717,2012-12-17,2012,12,17,Winter,Mon,1,0,rain,10.6,10.4,91.5,16.6,212,4373,4585
718,2012-12-18,2012,12,18,Winter,Tue,1,0,rain,11.4,10.7,67.7,33.9,433,5124,5557
719,2012-12-19,2012,12,19,Winter,Wed,1,0,cloudy,7.4,6.3,63.2,24.7,333,4934,5267
720,2012-12-20,2012,12,20,Winter,Thu,1,0,rain,7.2,5.8,68.2,21.0,314,3814,4128
721,2012-12-21,2012,12,21,Winter,Fri,1,0,rain,7.4,4.1,56.5,37.9,221,3402,3623
722,2012-12-22,2012,12,22,Winter,Sat,0,0,rain,4.3,-0.5,44.4,44.3,205,1544,1749
723,2012-12-23,2012,12,23,Winter,Sun,0,0,cloudy,3.1,1.1,52.1,19.6,408,1379,1787
724,2012-12-24,2012,12,24,Winter,Mon,1,0,rain,2.4,1.0,78.8,16.3,174,746,920
725,2012-12-25,2012,12,25,Winter,Tue,0,1,rain,5.3,3.3,75.5,21.9,440,573,1013
726,2012-12-26,2012,12,26,Winter,Wed,1,0,overcast,3.0,-1.4,82.2,30.3,9,432,441
727,2012-12-27,2012,12,27,Winter,Thu,1,0,rain,3.7,-0.9,65.1,35.7,247,1867,2114
728,2012-12-28,2012,12,28,Winter,Fri,1,0,overcast,3.5,1.0,59.6,18.0,644,2451,3095
729,2012-12-29,2012,12,29,Winter,Sat,0,0,overcast,3.6,1.9,75.1,36.5,159,1182,1341
730,2012-12-30,2012,12,30,Winter,Sun,0,0,rain,3.5,-1.2,47.8,43.8,364,1432,1796
<<<<<<< HEAD
731,2012-12-31,2012,12,31,Winter,Mon,1,0,overcast,1.8,-1.2,57.4,14.3,439,2290,2729
=======
731,2012-12-31,2012,12,31,Winter,Mon,1,0,broken,1.8,-1.2,57.4,14.3,439,2290,2729
>>>>>>> 1ed2b50761bff6a9d18fc50d8fb144b0850f2594
