,0,1
0,38.81048,-77.0442647
1,38.9172,-77.0259
2,38.90304,-77.019027
3,38.917761,-77.04062
4,38.899408,-77.015289
5,38.90042673988099,-76.98825001716614
6,38.89696,-77.00493
7,38.8577987,-77.051729
8,38.944551,-77.063896
9,38.9342667,-77.057979
10,38.905697,-77.005483
11,38.926102,-77.03665
12,38.920669,-77.04368
13,38.9154,-77.0446
14,38.902061,-77.038322
15,38.930282,-77.055599
16,38.922581,-77.070334
17,38.905737,-77.02227
18,38.9268,-77.0322
19,38.913046,-77.032008
20,38.9059,-77.0325
21,38.90071062547463,-77.04644858837128
22,38.889955,-77.000349
23,38.905995699991145,-77.03980207443237
24,38.923203,-77.047637
25,38.8881,-77.09308
26,38.8997,-77.023086
27,38.900412,-77.001949
28,38.9375,-77.0328
29,38.897446,-77.009888
30,38.899972,-76.998347
31,38.894832,-76.987633
32,38.8763,-77.0037
33,38.9418,-77.0251
34,38.915544,-77.038252
35,38.894514,-77.031617
36,38.898409,-77.032278
37,38.897222,-77.019347
38,38.8530297,-77.0496946
39,38.9126,-77.0135
40,38.900283,-77.029822
41,38.900413,-76.982872
42,38.927872,-77.043358
43,38.8840581,-76.9863852
44,38.9051072,-77.057402
45,38.8896,-76.9769
46,38.947774,-77.032818
47,38.89728304853854,-77.02219069004059
48,38.8921637,-77.079375
49,38.8621787,-77.059986
50,38.886952,-76.996806
51,38.90276,-77.03863
52,38.873057,-76.971015
53,38.8963,-77.045
54,38.881185,-77.001828
55,38.897063,-76.947446
56,38.9037994,-77.0539576
57,38.876697,-77.0178975
58,38.8851,-77.0023
59,38.910972,-77.00495
60,38.88701007722296,-77.09525674581528
61,38.8871972,-77.0282895
62,38.902314,-77.0591415
63,38.8523447,-77.0743218
64,38.88732,-76.983569
65,38.8425997,-77.0502
66,38.8923,-77.0436
67,38.90375,-77.06269
68,38.905126,-77.056887
69,38.92812111132096,-77.0237946510315
70,38.934881,-77.072755
71,38.8945997,-77.072305
72,38.932456900063606,-76.99353396892548
73,38.8751139,-76.9687393
74,38.8952,-77.0436
75,38.897293,-77.05557
76,38.933668,-76.991016
77,38.878693599396954,-77.02305436134338
78,38.894919,-77.046587
79,38.893028,-77.026013
80,38.861663,-76.969184
81,38.895344,-77.016106
82,38.8903997,-77.0889
83,38.9001636,-77.0054407
84,38.9248997,-77.0222
85,38.858971,-77.05323
86,38.8792,-76.9953
87,38.938736,-77.087171
88,38.8578738,-77.0594923
89,38.89968,-77.041539
90,38.8657103,-77.0617726
91,38.889396070923496,-77.09186241030693
92,38.9346,-76.9955
93,38.8514337,-77.0517143
94,38.8692,-76.9599
95,38.862669,-76.994637
96,38.893438,-77.076389
97,38.867373,-76.988039
98,38.865784,-76.9784
99,38.889935,-76.93723
100,38.894,-76.947974
101,38.896544,-76.96012
102,38.897857,-77.026975
103,38.878,-76.9607
104,38.844711,-76.987823
105,38.86559,-76.952103
106,38.88637194054526,-77.01770067214966
107,38.8805712,-76.9855864
108,38.922649,-77.077271
109,38.908905,-77.04478
110,38.928743,-77.012457
111,38.89484064247075,-76.99591577053069
112,38.884734,-77.093485
113,38.88412,-77.04657
114,38.8885525,-77.032427
115,38.888774,-77.028694
116,38.8961623,-77.0785794
117,38.8932407,-77.086045
118,38.8955332,-77.0890343
119,38.8904566,-77.0807961
120,38.85033657788445,-77.1009886264801
121,38.885801,-77.097745
122,38.8826287,-77.109366
123,38.876393,-77.107735
124,38.8810437,-77.111768
125,38.87887,-77.1207
126,38.88081,-77.090792
127,38.879819,-77.037413
128,38.866611,-76.985238
129,38.883921,-77.116817
130,38.880012,-77.107854
131,38.903584,-77.044789
132,38.903819,-77.0284
133,38.902204,-77.04337
134,38.901539,-77.046564
135,38.902,-77.03353
136,38.9066,-77.05152
137,38.90509,-76.9941
138,38.895914,-77.026064
139,38.90088,-77.048911
140,38.8836722,-77.1138969
141,38.803124,-77.040363
142,38.804718,-77.043363
143,38.8145405,-77.0528731
144,38.80576284873485,-77.060626745224
145,38.805648,-77.05293
146,38.805317,-77.049883
147,38.811456,-77.050276
148,38.889365,-77.077294
149,38.884961,-77.08777
150,38.888255,-77.0494365
151,38.844015,-77.050537
