,0,1
0,38.9001636,-77.0054407
1,38.9037994,-77.0539576
2,38.9308,-77.0315
3,38.9003,-77.0429
4,38.90071062547463,-77.04644858837128
5,38.947774,-77.032818
6,38.8803,-76.9862
7,38.89696,-77.00493
8,38.9101,-77.0444
9,38.8530297,-77.0496946
10,38.9154,-77.0446
11,38.927872,-77.043358
12,38.9121,-77.0387
13,38.929464,-77.027822
14,38.890461,-76.988355
15,38.886266,-77.022241
16,38.876697,-77.0178975
17,38.894832,-76.987633
18,38.8997,-77.023086
19,38.8578738,-77.0594923
20,38.8963,-77.045
21,38.8657103,-77.0617726
22,38.905737,-77.02227
23,38.900283,-77.029822
24,38.922581,-77.070334
25,38.9375,-77.0328
26,38.900412,-77.001949
27,38.903827,-77.053485
28,38.8840581,-76.9863852
29,38.9346,-76.9955
30,38.9248997,-77.0222
31,38.8425997,-77.0502
32,38.893028,-77.026013
33,38.8871972,-77.0282895
34,38.938736,-77.087171
35,38.886952,-76.996806
36,38.878693599396954,-77.02305436134338
37,38.902314,-77.0591415
38,38.90375,-77.06269
39,38.898409,-77.032278
40,38.90774,-77.071652
41,38.8621787,-77.059986
42,38.8543888,-77.0534143
43,38.910972,-77.00495
44,38.8751139,-76.9687393
45,38.897293,-77.05557
46,38.8896,-76.9769
47,38.900413,-76.982872
48,38.873057,-76.971015
49,38.933668,-76.991016
50,38.901385,-76.941877
51,38.865784,-76.9784
52,38.897063,-76.947446
53,38.867373,-76.988039
54,38.862669,-76.994637
55,38.894,-76.947974
56,38.9055785,-77.027313
57,38.858971,-77.05323
58,38.878,-76.9607
59,38.844015,-77.050537
60,38.897857,-77.026975
61,38.8973147,-77.070993
62,38.893438,-77.076389
63,38.8921637,-77.079375
